tensor([[2.6642e-04, 2.6642e-04, 2.6642e-04, 2.6642e-04, 2.6642e-04, 2.6642e-04,
         2.6642e-04, 2.6642e-04, 2.6642e-04, 2.6642e-04, 2.6642e-04, 2.6642e-04,
         2.6642e-04, 2.6642e-04],
        [2.6642e-04, 2.6642e-04, 2.6642e-04, 2.6642e-04, 2.6642e-04, 2.4419e+01,
         4.0019e+01, 5.5874e+01, 2.0865e+01, 2.6642e-04, 2.6642e-04, 2.6642e-04,
         2.6642e-04, 2.6642e-04],
        [2.6642e-04, 2.6642e-04, 2.6642e-04, 2.6642e-04, 2.5162e+02, 6.2234e+02,
         6.9874e+02, 9.1691e+02, 9.1640e+02, 7.6260e+02, 2.0329e+02, 2.6642e-04,
         2.6642e-04, 2.6642e-04],
        [2.6642e-04, 2.6642e-04, 2.6642e-04, 6.2184e+01, 7.1155e+02, 9.9387e+02,
         1.0131e+03, 9.2654e+02, 1.0209e+03, 1.0924e+03, 9.6322e+02, 1.5217e+02,
         2.6642e-04, 2.6642e-04],
        [2.6642e-04, 2.6642e-04, 2.6642e-04, 1.5998e+02, 7.8841e+02, 8.8554e+02,
         3.0035e+02, 2.8905e+01, 5.6470e+01, 8.0268e+02, 1.0199e+03, 4.9297e+02,
         2.6642e-04, 2.6642e-04],
        [2.6642e-04, 2.6642e-04, 2.6642e-04, 3.9139e+02, 7.2065e+02, 5.4255e+02,
         2.6642e-04, 2.6642e-04, 2.6642e-04, 2.6729e+02, 9.4215e+02, 6.3492e+02,
         2.6642e-04, 2.6642e-04],
        [2.6642e-04, 2.6642e-04, 2.6642e-04, 6.1936e+02, 6.9881e+02, 3.3864e+02,
         2.6642e-04, 2.6642e-04, 2.6642e-04, 1.4740e+02, 8.1926e+02, 6.3492e+02,
         2.6642e-04, 2.6642e-04],
        [2.6642e-04, 2.6642e-04, 4.9403e+01, 6.3975e+02, 6.1519e+02, 4.2933e+01,
         2.6642e-04, 2.6642e-04, 2.6642e-04, 1.7862e+02, 8.1926e+02, 6.3560e+02,
         2.6642e-04, 2.6642e-04],
        [2.6642e-04, 2.6642e-04, 1.7196e+02, 8.1463e+02, 6.1696e+02, 2.6642e-04,
         2.6642e-04, 2.6642e-04, 2.0416e+01, 3.9812e+02, 8.1305e+02, 6.5546e+02,
         2.6642e-04, 2.6642e-04],
        [2.6642e-04, 2.6642e-04, 1.5915e+02, 8.1789e+02, 6.1739e+02, 2.6642e-04,
         2.6642e-04, 5.3050e+01, 2.4092e+02, 7.5629e+02, 7.8054e+02, 3.8275e+02,
         2.6642e-04, 2.6642e-04],
        [2.6642e-04, 2.6642e-04, 2.8355e+01, 7.2592e+02, 9.1191e+02, 5.1064e+02,
         4.7855e+02, 6.8472e+02, 9.5313e+02, 9.1282e+02, 5.9952e+02, 3.9355e+01,
         2.6642e-04, 2.6642e-04],
        [2.6642e-04, 2.6642e-04, 2.6642e-04, 5.2508e+02, 1.0432e+03, 1.0830e+03,
         1.0830e+03, 1.0215e+03, 1.0268e+03, 6.8077e+02, 1.1902e+02, 2.6642e-04,
         2.6642e-04, 2.6642e-04],
        [2.6642e-04, 2.6642e-04, 2.6642e-04, 1.1170e+01, 2.8294e+02, 4.7861e+02,
         4.7861e+02, 4.3522e+02, 1.8635e+02, 2.6642e-04, 2.6642e-04, 2.6642e-04,
         2.6642e-04, 2.6642e-04],
        [2.6642e-04, 2.6642e-04, 2.6642e-04, 2.6642e-04, 2.6642e-04, 2.6642e-04,
         2.6642e-04, 2.6642e-04, 2.6642e-04, 2.6642e-04, 2.6642e-04, 2.6642e-04,
         2.6642e-04, 2.6642e-04]], grad_fn=<UnbindBackward>)
tensor([[5.6492e-03, 5.6492e-03, 5.6492e-03, 5.6492e-03, 5.6492e-03, 5.6492e-03,
         5.6492e-03, 5.6492e-03, 5.6492e-03, 5.6492e-03, 5.6492e-03, 5.6492e-03,
         5.6492e-03, 5.6492e-03],
        [5.6492e-03, 5.6492e-03, 5.6492e-03, 5.6492e-03, 5.6492e-03, 5.2688e+01,
         1.3357e+02, 2.6583e+02, 2.2353e+02, 6.6100e+01, 5.6492e-03, 5.6492e-03,
         5.6492e-03, 5.6492e-03],
        [5.6492e-03, 5.6492e-03, 5.6492e-03, 5.6492e-03, 4.7651e+02, 8.8182e+02,
         8.7590e+02, 9.6771e+02, 9.6813e+02, 9.3575e+02, 3.6089e+02, 8.1491e+00,
         5.6492e-03, 5.6492e-03],
        [5.6492e-03, 5.6492e-03, 5.6492e-03, 8.0535e+01, 1.0173e+03, 1.0716e+03,
         8.8335e+02, 7.1800e+02, 8.6003e+02, 1.1345e+03, 1.0694e+03, 1.5947e+02,
         5.6492e-03, 5.6492e-03],
        [5.6492e-03, 5.6492e-03, 5.6492e-03, 2.4563e+02, 1.0160e+03, 8.4863e+02,
         1.7541e+02, 2.0159e+01, 7.1748e+01, 8.1669e+02, 1.1420e+03, 5.2808e+02,
         5.6492e-03, 5.6492e-03],
        [5.6492e-03, 5.6492e-03, 5.6492e-03, 6.1210e+02, 9.5554e+02, 4.0772e+02,
         5.6492e-03, 5.6492e-03, 5.6492e-03, 3.0692e+02, 1.0954e+03, 6.4146e+02,
         5.6492e-03, 5.6492e-03],
        [5.6492e-03, 5.6492e-03, 5.6492e-03, 8.8512e+02, 8.7420e+02, 1.8225e+02,
         5.6492e-03, 5.6492e-03, 5.6492e-03, 1.8182e+02, 1.0484e+03, 6.4146e+02,
         5.6492e-03, 5.6492e-03],
        [5.6492e-03, 5.6492e-03, 9.2871e+01, 9.2059e+02, 6.3416e+02, 3.0519e+01,
         5.6492e-03, 5.6492e-03, 5.6492e-03, 2.4918e+02, 1.0587e+03, 6.4146e+02,
         5.6492e-03, 5.6492e-03],
        [5.6492e-03, 5.6492e-03, 2.1212e+02, 1.0294e+03, 6.1285e+02, 5.6492e-03,
         5.6492e-03, 5.6492e-03, 4.4051e+01, 6.5958e+02, 9.9534e+02, 5.3596e+02,
         5.6492e-03, 5.6492e-03],
        [5.6492e-03, 5.6492e-03, 1.8449e+02, 1.0141e+03, 6.3178e+02, 3.5463e+00,
         5.6492e-03, 1.6537e+02, 5.5152e+02, 9.3186e+02, 9.1673e+02, 2.0363e+02,
         5.6492e-03, 5.6492e-03],
        [5.6492e-03, 5.6492e-03, 3.6490e+01, 9.7301e+02, 9.9578e+02, 7.6886e+02,
         7.5567e+02, 9.6056e+02, 1.0691e+03, 9.9853e+02, 3.8945e+02, 2.7976e+01,
         5.6492e-03, 5.6492e-03],
        [5.6492e-03, 5.6492e-03, 5.6492e-03, 4.8731e+02, 1.1304e+03, 1.1645e+03,
         1.1600e+03, 1.1032e+03, 9.0040e+02, 4.5737e+02, 8.4268e+01, 5.6492e-03,
         5.6492e-03, 5.6492e-03],
        [5.6492e-03, 5.6492e-03, 5.6492e-03, 1.4378e+01, 2.5713e+02, 3.9477e+02,
         3.9477e+02, 3.3893e+02, 1.2907e+02, 5.6492e-03, 5.6492e-03, 5.6492e-03,
         5.6492e-03, 5.6492e-03],
        [5.6492e-03, 5.6492e-03, 5.6492e-03, 5.6492e-03, 5.6492e-03, 5.6492e-03,
         5.6492e-03, 5.6492e-03, 5.6492e-03, 5.6492e-03, 5.6492e-03, 5.6492e-03,
         5.6492e-03, 5.6492e-03]], grad_fn=<UnbindBackward>)
tensor([[1.8569e-01, 1.8569e-01, 1.8569e-01, 1.8569e-01, 1.8569e-01, 1.8569e-01,
         1.8569e-01, 1.8569e-01, 1.8569e-01, 1.8569e-01, 1.8569e-01, 1.8569e-01,
         1.8569e-01, 1.8569e-01],
        [1.8569e-01, 1.8569e-01, 1.8569e-01, 1.8569e-01, 1.8569e-01, 2.6603e+01,
         2.8794e-01, 7.6022e+01, 5.1969e+01, 3.6483e+01, 1.8569e-01, 1.8569e-01,
         1.8569e-01, 1.8569e-01],
        [1.8569e-01, 1.8569e-01, 1.8569e-01, 1.8569e-01, 5.8913e+01, 4.5399e+02,
         5.3396e+02, 7.8003e+02, 7.8320e+02, 6.0757e+02, 3.2618e+02, 3.8525e+00,
         1.8569e-01, 1.8569e-01],
        [1.8569e-01, 1.8569e-01, 1.8569e-01, 1.8569e-01, 5.6845e+02, 1.0002e+03,
         9.8071e+02, 8.9511e+02, 8.6723e+02, 9.3328e+02, 9.1604e+02, 2.2057e+02,
         1.8569e-01, 1.8569e-01],
        [1.8569e-01, 1.8569e-01, 1.8569e-01, 2.1811e+01, 7.6095e+02, 1.0119e+03,
         3.5840e+02, 3.7651e+01, 7.4356e+01, 5.7625e+02, 9.2694e+02, 6.9037e+02,
         1.8569e-01, 1.8569e-01],
        [1.8569e-01, 1.8569e-01, 1.8569e-01, 1.7589e+02, 8.7143e+02, 6.5999e+02,
         1.8569e-01, 1.8569e-01, 1.8569e-01, 1.3135e+02, 9.0160e+02, 8.5001e+02,
         1.8569e-01, 1.8569e-01],
        [1.8569e-01, 1.8569e-01, 1.8569e-01, 4.8911e+02, 8.5047e+02, 3.9588e+02,
         1.8569e-01, 1.8569e-01, 1.8569e-01, 4.5311e+01, 7.5966e+02, 8.5001e+02,
         1.8569e-01, 1.8569e-01],
        [1.8569e-01, 1.8569e-01, 1.8569e-01, 5.6728e+02, 8.2501e+02, 5.7488e+01,
         1.8569e-01, 1.8569e-01, 1.8569e-01, 4.5311e+01, 7.6651e+02, 8.5001e+02,
         1.8569e-01, 1.8569e-01],
        [1.8569e-01, 1.8569e-01, 5.2831e+01, 7.7570e+02, 8.2225e+02, 1.8569e-01,
         1.8569e-01, 1.8569e-01, 1.8569e-01, 1.9241e+02, 9.3436e+02, 7.8658e+02,
         1.8569e-01, 1.8569e-01],
        [1.8569e-01, 1.8569e-01, 6.4169e+01, 7.6742e+02, 8.2121e+02, 1.7800e+00,
         1.8569e-01, 1.8569e-01, 1.1366e+02, 7.6466e+02, 8.6201e+02, 4.4314e+02,
         1.8569e-01, 1.8569e-01],
        [1.8569e-01, 1.8569e-01, 3.7508e+01, 6.1174e+02, 7.9279e+02, 3.8366e+02,
         3.4901e+02, 5.2166e+02, 9.3349e+02, 9.7190e+02, 6.9904e+02, 5.2713e+01,
         1.8569e-01, 1.8569e-01],
        [1.8569e-01, 1.8569e-01, 1.8569e-01, 4.1009e+02, 9.1191e+02, 9.7569e+02,
         9.7569e+02, 9.6259e+02, 1.0117e+03, 7.6957e+02, 1.5811e+02, 1.8569e-01,
         1.8569e-01, 1.8569e-01],
        [1.8569e-01, 1.8569e-01, 1.8569e-01, 1.4888e+01, 3.5632e+02, 6.1339e+02,
         6.1339e+02, 5.5628e+02, 2.3925e+02, 1.8569e-01, 1.8569e-01, 1.8569e-01,
         1.8569e-01, 1.8569e-01],
        [1.8569e-01, 1.8569e-01, 1.8569e-01, 1.8569e-01, 1.8569e-01, 1.8569e-01,
         1.8569e-01, 1.8569e-01, 1.8569e-01, 1.8569e-01, 1.8569e-01, 1.8569e-01,
         1.8569e-01, 1.8569e-01]], grad_fn=<UnbindBackward>)
tensor([[ 0.3897,  0.3897,  0.3897,  0.3897,  0.3897,  0.3897,  0.3897,  0.3897,
          0.3897,  0.3897,  0.3897,  0.3897,  0.3897,  0.3897],
        [ 0.3897,  0.3897,  0.3897,  0.3897,  0.3897,  0.3897,  6.8599,  0.3897,
         14.3287, 46.3384,  0.3897,  0.3897,  0.3897,  0.3897],
        [ 0.3897,  0.3897,  0.3897,  0.3897,  0.0000,  0.0000,  0.0000,  0.0000,
          0.0000,  6.2241, 96.7196, 21.3609,  0.3897,  0.3897],
        [ 0.3897,  0.3897,  0.3897,  0.3897,  0.0000,  0.0000,  0.0000,  0.0000,
          0.0000,  0.0000,  0.0000, 51.6427,  0.3897,  0.3897],
        [ 0.3897,  0.3897,  0.3897,  0.3897,  0.0000,  0.0000,  0.3897,  0.3897,
          7.9859,  8.1008,  0.0000, 25.5090,  0.3897,  0.3897],
        [ 0.3897,  0.3897,  0.3897,  0.0000,  0.0000,  0.0000,  0.3897,  0.3897,
          0.3897,  0.3897,  0.0000,  0.0000,  0.3897,  0.3897],
        [ 0.3897,  0.3897,  0.3897,  0.0000,  0.0000,  0.3897,  0.3897,  0.3897,
          0.3897,  0.3897,  0.0000,  0.0000,  0.3897,  0.3897],
        [ 0.3897,  0.3897,  0.3897,  0.0000,  0.0000,  0.3897,  0.3897,  0.3897,
          0.3897,  0.3897,  0.0000,  0.0000,  0.3897,  0.3897],
        [ 0.3897,  0.3897,  0.3897,  0.0000,  0.0000,  0.3897,  0.3897,  0.3897,
          0.3897,  0.0000,  0.0000,  0.0000,  0.3897,  0.3897],
        [ 0.3897,  0.3897,  0.3897,  0.0000,  0.0000,  9.5076,  0.3897,  0.3897,
          0.0000,  0.0000,  0.0000,  0.0000,  0.3897,  0.3897],
        [ 0.3897,  0.3897,  4.1877,  0.0000,  0.0000,  0.0000,  0.0000,  0.0000,
          0.0000,  0.0000,  0.0000,  0.3897,  0.3897,  0.3897],
        [ 0.3897,  0.3897,  0.3897, 15.6042,  0.0000,  0.0000,  0.0000,  0.0000,
          0.0000,  0.0000,  0.3897,  0.3897,  0.3897,  0.3897],
        [ 0.3897,  0.3897,  0.3897,  1.8859, 31.5570,  0.3897,  0.3897,  0.3897,
          0.3897,  0.3897,  0.3897,  0.3897,  0.3897,  0.3897],
        [ 0.3897,  0.3897,  0.3897,  0.3897,  0.3897,  0.3897,  0.3897,  0.3897,
          0.3897,  0.3897,  0.3897,  0.3897,  0.3897,  0.3897]],
       grad_fn=<UnbindBackward>)
