[[2.66421179e-04 2.66421179e-04 2.66421179e-04 2.66421179e-04
  2.66421179e-04 2.66421179e-04 2.66421179e-04 2.66421179e-04
  2.66421179e-04 2.66421179e-04 2.66421179e-04 2.66421179e-04
  2.66421179e-04 2.66421179e-04 2.66421179e-04 2.66421179e-04
  2.66421179e-04 2.66421179e-04 2.66421179e-04 2.66421179e-04
  2.66421179e-04 2.66421179e-04 2.66421179e-04 2.66421179e-04
  2.66421179e-04 2.66421179e-04 2.66421179e-04 2.66421179e-04]
 [2.66421179e-04 2.66421179e-04 2.66421179e-04 2.66421179e-04
  2.66421179e-04 2.66421179e-04 2.66421179e-04 2.66421179e-04
  2.66421179e-04 2.66421179e-04 2.66421179e-04 2.66421179e-04
  2.66421179e-04 2.66421179e-04 2.66421179e-04 2.66421179e-04
  2.66421179e-04 2.66421179e-04 2.66421179e-04 2.66421179e-04
  2.66421179e-04 2.66421179e-04 2.66421179e-04 2.66421179e-04
  2.66421179e-04 2.66421179e-04 2.66421179e-04 2.66421179e-04]
 [2.66421179e-04 2.66421179e-04 2.66421179e-04 2.66421179e-04
  2.66421179e-04 2.66421179e-04 2.66421179e-04 2.66421179e-04
  2.66421179e-04 2.66421179e-04 2.66421179e-04 2.66421179e-04
  2.66421179e-04 2.66421179e-04 2.66421179e-04 2.66421179e-04
  2.66421179e-04 2.66421179e-04 2.66421179e-04 2.66421179e-04
  2.66421179e-04 2.66421179e-04 2.66421179e-04 2.66421179e-04
  2.66421179e-04 2.66421179e-04 2.66421179e-04 2.66421179e-04]
 [2.66421179e-04 2.66421179e-04 2.66421179e-04 2.66421179e-04
  2.66421179e-04 2.66421179e-04 2.66421179e-04 2.66421179e-04
  2.66421179e-04 2.66421179e-04 2.66421179e-04 2.66421179e-04
  2.66421179e-04 2.66421179e-04 2.66421179e-04 2.66421179e-04
  2.66421179e-04 2.66421179e-04 2.66421179e-04 2.66421179e-04
  2.66421179e-04 2.66421179e-04 2.66421179e-04 2.66421179e-04
  2.66421179e-04 2.66421179e-04 2.66421179e-04 2.66421179e-04]
 [2.66421179e-04 2.66421179e-04 2.66421179e-04 2.66421179e-04
  2.66421179e-04 2.66421179e-04 2.66421179e-04 2.66421179e-04
  2.66421179e-04 2.66421179e-04 2.66421179e-04 2.66421179e-04
  2.66421179e-04 2.66421179e-04 2.66421179e-04 2.40206753e+00
  2.90059484e+01 0.00000000e+00 3.67531987e+01 5.74475702e+01
  3.66654891e+01 1.35385262e+00 0.00000000e+00 0.00000000e+00
  0.00000000e+00 2.66421179e-04 2.66421179e-04 2.66421179e-04]
 [2.66421179e-04 2.66421179e-04 2.66421179e-04 2.66421179e-04
  2.66421179e-04 2.66421179e-04 2.66421179e-04 2.66421179e-04
  2.66421179e-04 2.66421179e-04 2.66421179e-04 2.66421179e-04
  6.00476919e+00 4.18915094e+01 5.87521392e+01 6.41084152e+01
  6.44973405e+01 3.41682328e+01 2.26378734e+02 3.05435546e+02
  4.21853366e+02 4.01455388e+02 2.11568290e+02 5.51805948e+01
  1.02522482e+01 2.66421179e-04 2.66421179e-04 2.66421179e-04]
 [2.66421179e-04 2.66421179e-04 2.66421179e-04 2.66421179e-04
  2.66421179e-04 2.66421179e-04 2.66421179e-04 2.66421179e-04
  2.66421179e-04 8.00626980e+00 1.66258405e+01 3.36984028e+01
  7.29471701e+01 1.74911624e+02 2.95711710e+02 4.14951589e+02
  4.27643444e+02 3.02366710e+02 3.90225219e+02 6.14940078e+02
  9.07534183e+02 9.53538090e+02 6.67605892e+02 3.28680805e+02
  9.65668327e+01 2.66421179e-04 2.66421179e-04 2.66421179e-04]
 [2.66421179e-04 2.66421179e-04 2.66421179e-04 2.66421179e-04
  2.66421179e-04 2.66421179e-04 2.66421179e-04 7.20566975e+00
  3.05749887e+01 9.57356413e+01 1.20434475e+02 2.00488213e+02
  3.39066337e+02 4.94723503e+02 6.45444558e+02 6.58976817e+02
  5.09697327e+02 3.08174413e+02 3.11591667e+02 5.99755259e+02
  9.31588606e+02 1.05078025e+03 8.54530186e+02 5.15213696e+02
  1.50450218e+02 2.66421179e-04 2.66421179e-04 2.66421179e-04]
 [2.66421179e-04 2.66421179e-04 2.66421179e-04 2.66421179e-04
  2.66421179e-04 2.66421179e-04 2.66421179e-04 6.98868745e+01
  1.69663700e+02 3.48811416e+02 5.32954948e+02 6.85902862e+02
  7.47799162e+02 7.48750195e+02 6.26431214e+02 4.10582800e+02
  2.20701190e+02 1.99600083e+02 4.05458971e+02 6.76392230e+02
  8.54564961e+02 8.28608849e+02 5.74362687e+02 2.84712840e+02
  6.51148904e+01 2.66421179e-04 2.66421179e-04 2.66421179e-04]
 [2.66421179e-04 2.66421179e-04 2.66421179e-04 2.66421179e-04
  2.66421179e-04 2.66421179e-04 4.28323854e+01 2.10273713e+02
  4.35978812e+02 7.22639623e+02 8.82918994e+02 8.98983929e+02
  7.11667505e+02 4.72353247e+02 2.49483156e+02 2.04440544e+02
  2.90433415e+02 5.16513592e+02 7.21555314e+02 8.54738776e+02
  7.23769063e+02 4.38882837e+02 1.72469921e+02 3.79241670e+01
  2.66421179e-04 2.66421179e-04 2.66421179e-04 2.66421179e-04]
 [2.66421179e-04 2.66421179e-04 2.66421179e-04 2.66421179e-04
  2.66421179e-04 1.76134733e+01 1.89972656e+02 4.17669123e+02
  7.28215047e+02 9.26887611e+02 8.29349811e+02 5.81190189e+02
  2.77560660e+02 9.98003820e+01 1.51419752e+02 3.52637420e+02
  6.22159526e+02 8.30318579e+02 7.95981692e+02 5.99013229e+02
  2.94201992e+02 9.96496385e+01 5.72462879e+00 2.66421179e-04
  2.66421179e-04 2.66421179e-04 2.66421179e-04 2.66421179e-04]
 [2.66421179e-04 2.66421179e-04 2.66421179e-04 2.66421179e-04
  2.66421179e-04 7.87206796e+01 3.90443344e+02 6.82434363e+02
  8.93450927e+02 8.18818550e+02 5.46562459e+02 2.21989135e+02
  3.90049084e+01 1.05047977e+02 3.39194341e+02 6.16441190e+02
  8.60979736e+02 8.12943813e+02 5.38951685e+02 1.98866287e+02
  2.07510809e+01 2.66421179e-04 2.66421179e-04 2.66421179e-04
  2.66421179e-04 2.66421179e-04 2.66421179e-04 2.66421179e-04]
 [2.66421179e-04 2.66421179e-04 2.66421179e-04 2.66421179e-04
  2.66421179e-04 1.17569191e+02 5.23980659e+02 8.72636236e+02
  9.16886816e+02 5.94543399e+02 2.10044623e+02 4.05103449e+01
  8.89777843e+01 2.74278157e+02 5.47500679e+02 7.99889800e+02
  8.16353144e+02 5.37915877e+02 1.98844772e+02 1.93199896e+01
  2.66421179e-04 2.66421179e-04 2.66421179e-04 2.66421179e-04
  2.66421179e-04 2.66421179e-04 2.66421179e-04 2.66421179e-04]
 [2.66421179e-04 2.66421179e-04 2.66421179e-04 2.66421179e-04
  2.66421179e-04 6.57842573e+01 4.47172830e+02 8.55785718e+02
  1.00798298e+03 7.60510709e+02 3.97095825e+02 2.16928367e+02
  3.08970084e+02 5.47737295e+02 7.53068288e+02 7.55407117e+02
  5.13188224e+02 1.84096147e+02 2.00355352e+01 2.66421179e-04
  2.66421179e-04 2.66421179e-04 2.66421179e-04 2.66421179e-04
  2.66421179e-04 2.66421179e-04 2.66421179e-04 2.66421179e-04]
 [2.66421179e-04 2.66421179e-04 2.66421179e-04 2.66421179e-04
  2.66421179e-04 1.16000236e+01 2.20397172e+02 6.16924676e+02
  9.68805091e+02 1.06752298e+03 9.51872389e+02 7.82342483e+02
  7.79119639e+02 9.00347717e+02 8.22765176e+02 5.22535479e+02
  1.49144717e+02 1.83319865e+00 0.00000000e+00 2.66421179e-04
  2.66421179e-04 2.66421179e-04 2.66421179e-04 2.66421179e-04
  2.66421179e-04 2.66421179e-04 2.66421179e-04 2.66421179e-04]
 [2.66421179e-04 2.66421179e-04 2.66421179e-04 2.66421179e-04
  2.66421179e-04 2.66421179e-04 4.94066385e+01 2.26687660e+02
  4.79508933e+02 7.23383890e+02 9.75110931e+02 1.05763311e+03
  1.09487278e+03 1.07252841e+03 9.77450659e+02 6.71731083e+02
  2.96254582e+02 7.98649472e+01 0.00000000e+00 0.00000000e+00
  0.00000000e+00 2.66421179e-04 2.66421179e-04 2.66421179e-04
  2.66421179e-04 2.66421179e-04 2.66421179e-04 2.66421179e-04]
 [2.66421179e-04 2.66421179e-04 2.66421179e-04 2.66421179e-04
  2.66421179e-04 2.66421179e-04 2.66421179e-04 1.63258508e+01
  6.41748499e+01 2.14030229e+02 6.02678418e+02 8.79438418e+02
  1.02920996e+03 9.56543517e+02 9.61093102e+02 9.14521235e+02
  8.65660126e+02 5.56636178e+02 2.22393448e+02 3.27915768e+01
  0.00000000e+00 0.00000000e+00 2.66421179e-04 2.66421179e-04
  2.66421179e-04 2.66421179e-04 2.66421179e-04 2.66421179e-04]
 [2.66421179e-04 2.66421179e-04 2.66421179e-04 2.66421179e-04
  2.66421179e-04 2.66421179e-04 2.66421179e-04 2.66421179e-04
  2.66421179e-04 1.25993038e+02 5.06918547e+02 8.29351498e+02
  8.74060048e+02 6.71069664e+02 4.59851710e+02 4.30850528e+02
  6.75861465e+02 8.55485353e+02 7.51549677e+02 3.18146094e+02
  8.57458777e+01 4.24563705e+00 2.66421179e-04 2.66421179e-04
  2.66421179e-04 2.66421179e-04 2.66421179e-04 2.66421179e-04]
 [2.66421179e-04 2.66421179e-04 2.66421179e-04 2.66421179e-04
  2.66421179e-04 2.66421179e-04 2.66421179e-04 2.66421179e-04
  2.66421179e-04 1.46623451e+02 5.53262832e+02 8.68785732e+02
  7.30528924e+02 4.21773939e+02 7.91389617e+01 1.58962291e+01
  1.25861874e+02 4.92970395e+02 8.50208315e+02 6.69195391e+02
  2.81636253e+02 3.69865054e+01 2.66421179e-04 2.66421179e-04
  2.66421179e-04 2.66421179e-04 2.66421179e-04 2.66421179e-04]
 [2.66421179e-04 2.66421179e-04 2.66421179e-04 2.66421179e-04
  2.66421179e-04 2.66421179e-04 2.66421179e-04 2.66421179e-04
  2.66421179e-04 1.51309671e+02 5.53115760e+02 8.80187988e+02
  6.98059577e+02 3.62392229e+02 2.13335580e+01 2.66421179e-04
  8.59507668e-01 2.01863419e+02 6.08374392e+02 7.55922669e+02
  5.20413738e+02 1.79315858e+02 2.66421179e-04 2.66421179e-04
  2.66421179e-04 2.66421179e-04 2.66421179e-04 2.66421179e-04]
 [2.66421179e-04 2.66421179e-04 2.66421179e-04 2.66421179e-04
  2.66421179e-04 2.66421179e-04 2.66421179e-04 2.66421179e-04
  2.66421179e-04 1.17230622e+02 5.56876594e+02 9.06213730e+02
  7.44454022e+02 3.74547254e+02 2.36456421e+01 2.66421179e-04
  4.00566596e-01 2.29035873e+02 5.63986637e+02 6.96952421e+02
  5.82520733e+02 2.27797500e+02 2.66421179e-04 2.66421179e-04
  2.66421179e-04 2.66421179e-04 2.66421179e-04 2.66421179e-04]
 [2.66421179e-04 2.66421179e-04 2.66421179e-04 2.66421179e-04
  2.66421179e-04 2.66421179e-04 2.66421179e-04 2.66421179e-04
  2.66421179e-04 3.89939979e+01 3.95350422e+02 8.35823964e+02
  8.33462045e+02 4.02422061e+02 5.92607998e+01 8.39202438e-03
  5.10239593e+01 3.06492103e+02 5.86955985e+02 6.62028079e+02
  4.89620647e+02 1.31844016e+02 2.66421179e-04 2.66421179e-04
  2.66421179e-04 2.66421179e-04 2.66421179e-04 2.66421179e-04]
 [2.66421179e-04 2.66421179e-04 2.66421179e-04 2.66421179e-04
  2.66421179e-04 2.66421179e-04 2.66421179e-04 2.66421179e-04
  2.66421179e-04 2.14836966e+00 1.54822882e+02 5.85339094e+02
  8.89076518e+02 6.53874793e+02 2.40371730e+02 6.29936432e+01
  1.86134017e+02 4.43617133e+02 6.45672842e+02 6.41869548e+02
  3.52194857e+02 4.50796198e+01 2.66421179e-04 2.66421179e-04
  2.66421179e-04 2.66421179e-04 2.66421179e-04 2.66421179e-04]
 [2.66421179e-04 2.66421179e-04 2.66421179e-04 2.66421179e-04
  2.66421179e-04 2.66421179e-04 2.66421179e-04 2.66421179e-04
  2.66421179e-04 2.66421179e-04 2.74959863e+01 2.36456764e+02
  6.17980378e+02 8.54359131e+02 6.73913193e+02 4.71325128e+02
  5.05739000e+02 7.03195790e+02 7.14845450e+02 4.92584133e+02
  1.47378988e+02 2.66421179e-04 2.66421179e-04 2.66421179e-04
  2.66421179e-04 2.66421179e-04 2.66421179e-04 2.66421179e-04]
 [2.66421179e-04 2.66421179e-04 2.66421179e-04 2.66421179e-04
  2.66421179e-04 2.66421179e-04 2.66421179e-04 2.66421179e-04
  2.66421179e-04 2.66421179e-04 2.66421179e-04 3.73772615e+01
  1.83199855e+02 4.88802410e+02 6.89987748e+02 7.58093017e+02
  7.03613151e+02 6.48065511e+02 4.46432032e+02 1.93759071e+02
  1.93199896e+01 2.66421179e-04 2.66421179e-04 2.66421179e-04
  2.66421179e-04 2.66421179e-04 2.66421179e-04 2.66421179e-04]
 [2.66421179e-04 2.66421179e-04 2.66421179e-04 2.66421179e-04
  2.66421179e-04 2.66421179e-04 2.66421179e-04 2.66421179e-04
  2.66421179e-04 2.66421179e-04 2.66421179e-04 2.66421179e-04
  7.73343788e+00 7.94659504e+01 2.10909767e+02 3.39266845e+02
  3.28505779e+02 2.25638487e+02 9.07482675e+01 1.78888982e+01
  2.66421179e-04 2.66421179e-04 2.66421179e-04 2.66421179e-04
  2.66421179e-04 2.66421179e-04 2.66421179e-04 2.66421179e-04]
 [2.66421179e-04 2.66421179e-04 2.66421179e-04 2.66421179e-04
  2.66421179e-04 2.66421179e-04 2.66421179e-04 2.66421179e-04
  2.66421179e-04 2.66421179e-04 2.66421179e-04 2.66421179e-04
  2.66421179e-04 2.66421179e-04 2.66421179e-04 2.66421179e-04
  2.66421179e-04 2.66421179e-04 2.66421179e-04 2.66421179e-04
  2.66421179e-04 2.66421179e-04 2.66421179e-04 2.66421179e-04
  2.66421179e-04 2.66421179e-04 2.66421179e-04 2.66421179e-04]
 [2.66421179e-04 2.66421179e-04 2.66421179e-04 2.66421179e-04
  2.66421179e-04 2.66421179e-04 2.66421179e-04 2.66421179e-04
  2.66421179e-04 2.66421179e-04 2.66421179e-04 2.66421179e-04
  2.66421179e-04 2.66421179e-04 2.66421179e-04 2.66421179e-04
  2.66421179e-04 2.66421179e-04 2.66421179e-04 2.66421179e-04
  2.66421179e-04 2.66421179e-04 2.66421179e-04 2.66421179e-04
  2.66421179e-04 2.66421179e-04 2.66421179e-04 2.66421179e-04]]
[[5.64919971e-03 5.64919971e-03 5.64919971e-03 5.64919971e-03
  5.64919971e-03 5.64919971e-03 5.64919971e-03 5.64919971e-03
  5.64919971e-03 5.64919971e-03 5.64919971e-03 5.64919971e-03
  5.64919971e-03 5.64919971e-03 5.64919971e-03 5.64919971e-03
  5.64919971e-03 5.64919971e-03 5.64919971e-03 5.64919971e-03
  5.64919971e-03 5.64919971e-03 5.64919971e-03 5.64919971e-03
  5.64919971e-03 5.64919971e-03 5.64919971e-03 5.64919971e-03]
 [5.64919971e-03 5.64919971e-03 5.64919971e-03 5.64919971e-03
  5.64919971e-03 5.64919971e-03 5.64919971e-03 5.64919971e-03
  5.64919971e-03 5.64919971e-03 5.64919971e-03 5.64919971e-03
  5.64919971e-03 5.64919971e-03 5.64919971e-03 5.64919971e-03
  5.64919971e-03 5.64919971e-03 5.64919971e-03 5.64919971e-03
  5.64919971e-03 5.64919971e-03 5.64919971e-03 5.64919971e-03
  5.64919971e-03 5.64919971e-03 5.64919971e-03 5.64919971e-03]
 [5.64919971e-03 5.64919971e-03 5.64919971e-03 5.64919971e-03
  5.64919971e-03 5.64919971e-03 5.64919971e-03 5.64919971e-03
  5.64919971e-03 5.64919971e-03 5.64919971e-03 5.64919971e-03
  5.64919971e-03 5.64919971e-03 5.64919971e-03 5.64919971e-03
  5.64919971e-03 5.64919971e-03 5.64919971e-03 5.64919971e-03
  5.64919971e-03 5.64919971e-03 5.64919971e-03 5.64919971e-03
  5.64919971e-03 5.64919971e-03 5.64919971e-03 5.64919971e-03]
 [5.64919971e-03 5.64919971e-03 5.64919971e-03 5.64919971e-03
  5.64919971e-03 5.64919971e-03 5.64919971e-03 5.64919971e-03
  5.64919971e-03 5.64919971e-03 5.64919971e-03 5.64919971e-03
  5.64919971e-03 5.64919971e-03 5.64919971e-03 5.64919971e-03
  5.64919971e-03 5.64919971e-03 5.64919971e-03 5.64919971e-03
  5.64919971e-03 5.64919971e-03 5.64919971e-03 5.64919971e-03
  5.64919971e-03 5.64919971e-03 5.64919971e-03 5.64919971e-03]
 [5.64919971e-03 5.64919971e-03 5.64919971e-03 5.64919971e-03
  5.64919971e-03 5.64919971e-03 5.64919971e-03 5.64919971e-03
  5.64919971e-03 5.64919971e-03 5.64919971e-03 5.64919971e-03
  5.64919971e-03 5.64919971e-03 5.64919971e-03 5.18748437e+00
  6.92249890e+01 5.66478130e+01 9.79196020e+01 2.32403408e+02
  3.08179725e+02 2.45848251e+02 1.17586515e+02 3.07268063e+01
  3.36923443e+00 5.64919971e-03 5.64919971e-03 5.64919971e-03]
 [5.64919971e-03 5.64919971e-03 5.64919971e-03 5.64919971e-03
  5.64919971e-03 5.64919971e-03 5.64919971e-03 5.64919971e-03
  5.64919971e-03 5.64919971e-03 5.64919971e-03 5.64919971e-03
  1.29602371e+01 1.06985591e+02 2.53329118e+02 3.74198374e+02
  3.53046514e+02 1.73317282e+02 2.79019327e+02 5.86978725e+02
  7.36072186e+02 6.89465885e+02 4.46130547e+02 1.58145227e+02
  2.29296738e+01 5.64919971e-03 5.64919971e-03 5.64919971e-03]
 [5.64919971e-03 5.64919971e-03 5.64919971e-03 5.64919971e-03
  5.64919971e-03 5.64919971e-03 5.64919971e-03 5.64919971e-03
  5.64919971e-03 1.72784325e+01 5.80089346e+01 1.33008977e+02
  2.69508783e+02 4.72578253e+02 6.12912525e+02 5.54050677e+02
  3.82997723e+02 1.50521313e+02 3.29683471e+02 7.76967670e+02
  1.07256482e+03 1.10751369e+03 7.79928499e+02 2.94602000e+02
  4.03599983e+01 5.64919971e-03 5.64919971e-03 5.64919971e-03]
 [5.64919971e-03 5.64919971e-03 5.64919971e-03 5.64919971e-03
  5.64919971e-03 5.64919971e-03 5.64919971e-03 1.55511547e+01
  8.58905369e+01 2.79039551e+02 4.58291442e+02 5.71381394e+02
  6.72697067e+02 7.08846821e+02 6.33949185e+02 4.97235305e+02
  3.12552886e+02 2.79205472e+02 5.34691694e+02 9.18037790e+02
  1.15433543e+03 1.03771879e+03 6.91006366e+02 3.00756697e+02
  7.04366718e+01 5.64919971e-03 5.64919971e-03 5.64919971e-03]
 [5.64919971e-03 5.64919971e-03 5.64919971e-03 5.64919971e-03
  5.64919971e-03 5.64919971e-03 5.64919971e-03 1.28334349e+02
  3.95350343e+02 6.84568751e+02 8.45011809e+02 8.26354994e+02
  7.19415444e+02 5.86661346e+02 4.20753647e+02 2.93473978e+02
  3.26540165e+02 4.87069978e+02 7.67562170e+02 9.22750414e+02
  8.19746828e+02 6.32333573e+02 3.68929300e+02 1.78144856e+02
  4.62835346e+01 5.64919971e-03 5.64919971e-03 5.64919971e-03]
 [5.64919971e-03 5.64919971e-03 5.64919971e-03 5.64919971e-03
  5.64919971e-03 5.64919971e-03 9.24150425e+01 3.99467013e+02
  7.72194123e+02 1.00558875e+03 9.38202591e+02 7.49624958e+02
  5.10363100e+02 3.03708153e+02 2.08827256e+02 3.43338684e+02
  6.10089758e+02 8.51768943e+02 8.46477750e+02 7.14285640e+02
  4.99793597e+02 2.69149016e+02 1.17653256e+02 2.69587036e+01
  5.64919971e-03 5.64919971e-03 5.64919971e-03 5.64919971e-03]
 [5.64919971e-03 5.64919971e-03 5.64919971e-03 5.64919971e-03
  5.64919971e-03 3.80057713e+01 3.25107879e+02 7.52193808e+02
  1.01938014e+03 9.71190618e+02 6.85785499e+02 3.73260416e+02
  1.76383411e+02 8.87584976e+01 2.79528304e+02 6.67488515e+02
  9.56224510e+02 9.04082346e+02 6.52131548e+02 3.76297114e+02
  1.95195285e+02 7.05681583e+01 4.07403480e+00 5.64919971e-03
  5.64919971e-03 5.64919971e-03 5.64919971e-03 5.64919971e-03]
 [5.64919971e-03 5.64919971e-03 5.64919971e-03 5.64919971e-03
  5.64919971e-03 1.14965049e+02 5.68585350e+02 1.00687134e+03
  9.88829078e+02 6.90653049e+02 3.34735469e+02 1.36663784e+02
  3.75721832e+01 2.06793509e+02 6.08776562e+02 9.63940545e+02
  9.22324331e+02 6.59371860e+02 3.08245299e+02 1.29572650e+02
  1.47535473e+01 5.64919971e-03 5.64919971e-03 5.64919971e-03
  5.64919971e-03 5.64919971e-03 5.64919971e-03 5.64919971e-03]
 [5.64919971e-03 5.64919971e-03 5.64919971e-03 5.64919971e-03
  5.64919971e-03 1.18710302e+02 6.33791835e+02 1.07819689e+03
  1.07290957e+03 6.77754894e+02 3.18998850e+02 1.15591383e+02
  2.26933675e+02 5.57004016e+02 9.02452433e+02 8.74223247e+02
  6.43110090e+02 3.04879060e+02 1.29221229e+02 1.37364508e+01
  5.64919971e-03 5.64919971e-03 5.64919971e-03 5.64919971e-03
  5.64919971e-03 5.64919971e-03 5.64919971e-03 5.64919971e-03]
 [5.64919971e-03 5.64919971e-03 5.64919971e-03 5.64919971e-03
  5.64919971e-03 7.27177540e+01 4.72247734e+02 9.84138368e+02
  1.11587808e+03 9.36202047e+02 6.47030433e+02 5.08136339e+02
  6.36161548e+02 9.00465924e+02 8.62371467e+02 6.09148546e+02
  2.90214245e+02 1.25925679e+02 1.42449986e+01 5.64919971e-03
  5.64919971e-03 5.64919971e-03 5.64919971e-03 5.64919971e-03
  5.64919971e-03 5.64919971e-03 5.64919971e-03 5.64919971e-03]
 [5.64919971e-03 5.64919971e-03 5.64919971e-03 5.64919971e-03
  5.64919971e-03 1.49309870e+01 2.20397709e+02 5.73579449e+02
  8.71448470e+02 9.64641942e+02 9.82224013e+02 9.50248872e+02
  1.01372252e+03 1.11676248e+03 9.84775951e+02 5.80898790e+02
  2.41844154e+02 3.21192704e+01 1.59892642e+00 5.64919971e-03
  5.64919971e-03 5.64919971e-03 5.64919971e-03 5.64919971e-03
  5.64919971e-03 5.64919971e-03 5.64919971e-03 5.64919971e-03]
 [5.64919971e-03 5.64919971e-03 5.64919971e-03 5.64919971e-03
  5.64919971e-03 5.64919971e-03 6.35765301e+01 2.22199361e+02
  4.14743240e+02 6.02308706e+02 9.33371892e+02 1.18457948e+03
  1.23456528e+03 1.15085282e+03 1.01110045e+03 8.26119066e+02
  5.43140256e+02 2.90405384e+02 9.86394736e+01 1.49091797e+01
  1.82680001e-01 5.64919971e-03 5.64919971e-03 5.64919971e-03
  5.64919971e-03 5.64919971e-03 5.64919971e-03 5.64919971e-03]
 [5.64919971e-03 5.64919971e-03 5.64919971e-03 5.64919971e-03
  5.64919971e-03 5.64919971e-03 5.64919971e-03 2.10116802e+01
  6.51678444e+01 2.49570374e+02 7.41563446e+02 1.15468189e+03
  1.11638894e+03 8.53300079e+02 7.24569080e+02 7.21745082e+02
  7.73978566e+02 7.17043334e+02 4.37005643e+02 1.59086044e+02
  2.90738922e+01 1.42189561e+00 5.64919971e-03 5.64919971e-03
  5.64919971e-03 5.64919971e-03 5.64919971e-03 5.64919971e-03]
 [5.64919971e-03 5.64919971e-03 5.64919971e-03 5.64919971e-03
  5.64919971e-03 5.64919971e-03 5.64919971e-03 5.64919971e-03
  5.64919971e-03 1.43118867e+02 6.79553860e+02 1.07065062e+03
  9.09151519e+02 4.94205178e+02 3.42884944e+02 3.62259643e+02
  5.57435251e+02 7.97548380e+02 8.24304831e+02 4.46792131e+02
  1.06097926e+02 1.00398846e+01 5.64919971e-03 5.64919971e-03
  5.64919971e-03 5.64919971e-03 5.64919971e-03 5.64919971e-03]
 [5.64919971e-03 5.64919971e-03 5.64919971e-03 5.64919971e-03
  5.64919971e-03 5.64919971e-03 5.64919971e-03 5.64919971e-03
  5.64919971e-03 1.90751957e+02 7.27236736e+02 1.12654426e+03
  7.84264444e+02 2.74782140e+02 5.50469714e+01 2.04588905e+01
  1.44114515e+02 4.68860644e+02 9.18847500e+02 8.36546054e+02
  3.35005811e+02 4.55372416e+01 5.64919971e-03 5.64919971e-03
  5.64919971e-03 5.64919971e-03 5.64919971e-03 5.64919971e-03]
 [5.64919971e-03 5.64919971e-03 5.64919971e-03 5.64919971e-03
  5.64919971e-03 5.64919971e-03 5.64919971e-03 5.64919971e-03
  5.64919971e-03 1.80156555e+02 7.21834842e+02 1.11749630e+03
  7.48593596e+02 2.27195404e+02 1.15575262e+01 5.64919971e-03
  1.11122977e+00 2.68693495e+02 7.97284434e+02 9.18107425e+02
  4.79810634e+02 7.18984638e+01 5.64919971e-03 5.64919971e-03
  5.64919971e-03 5.64919971e-03 5.64919971e-03 5.64919971e-03]
 [5.64919971e-03 5.64919971e-03 5.64919971e-03 5.64919971e-03
  5.64919971e-03 5.64919971e-03 5.64919971e-03 5.64919971e-03
  5.64919971e-03 1.17234760e+02 6.31067282e+02 1.09909847e+03
  8.08968382e+02 2.87330126e+02 2.52306644e+01 5.64919971e-03
  8.69288376e-01 3.01561699e+02 8.22990152e+02 8.54728349e+02
  4.44983104e+02 1.26810388e+02 5.64919971e-03 5.64919971e-03
  5.64919971e-03 5.64919971e-03 5.64919971e-03 5.64919971e-03]
 [5.64919971e-03 5.64919971e-03 5.64919971e-03 5.64919971e-03
  5.64919971e-03 5.64919971e-03 5.64919971e-03 5.64919971e-03
  5.64919971e-03 4.79690605e+01 3.99245340e+02 9.36217472e+02
  9.46754338e+02 4.63946118e+02 7.62282034e+01 5.98166679e+00
  1.11054355e+02 5.23215114e+02 9.00151274e+02 7.02279689e+02
  3.01050359e+02 6.84424897e+01 5.64919971e-03 5.64919971e-03
  5.64919971e-03 5.64919971e-03 5.64919971e-03 5.64919971e-03]
 [5.64919971e-03 5.64919971e-03 5.64919971e-03 5.64919971e-03
  5.64919971e-03 5.64919971e-03 5.64919971e-03 5.64919971e-03
  5.64919971e-03 2.76960050e+00 1.68641393e+02 5.64666322e+02
  9.26986552e+02 7.81549686e+02 3.96572853e+02 2.84870597e+02
  4.68031370e+02 8.00970424e+02 8.09456492e+02 4.82715118e+02
  1.82296012e+02 3.20441853e+01 5.64919971e-03 5.64919971e-03
  5.64919971e-03 5.64919971e-03 5.64919971e-03 5.64919971e-03]
 [5.64919971e-03 5.64919971e-03 5.64919971e-03 5.64919971e-03
  5.64919971e-03 5.64919971e-03 5.64919971e-03 5.64919971e-03
  5.64919971e-03 5.64919971e-03 3.53842274e+01 2.36482483e+02
  5.44577358e+02 7.68002512e+02 7.10619980e+02 6.11823264e+02
  6.86181032e+02 7.25027058e+02 5.52003629e+02 2.70481290e+02
  9.39213420e+01 5.64919971e-03 5.64919971e-03 5.64919971e-03
  5.64919971e-03 5.64919971e-03 5.64919971e-03 5.64919971e-03]
 [5.64919971e-03 5.64919971e-03 5.64919971e-03 5.64919971e-03
  5.64919971e-03 5.64919971e-03 5.64919971e-03 5.64919971e-03
  5.64919971e-03 5.64919971e-03 5.64919971e-03 4.80984036e+01
  1.87911254e+02 4.14045206e+02 5.69878577e+02 5.94165439e+02
  5.47150510e+02 4.60323135e+02 2.83999008e+02 1.26809910e+02
  1.37364508e+01 5.64919971e-03 5.64919971e-03 5.64919971e-03
  5.64919971e-03 5.64919971e-03 5.64919971e-03 5.64919971e-03]
 [5.64919971e-03 5.64919971e-03 5.64919971e-03 5.64919971e-03
  5.64919971e-03 5.64919971e-03 5.64919971e-03 5.64919971e-03
  5.64919971e-03 5.64919971e-03 5.64919971e-03 5.64919971e-03
  9.95587408e+00 9.40064245e+01 1.93403329e+02 2.83265041e+02
  2.52108989e+02 1.63277403e+02 6.36899468e+01 1.27193543e+01
  5.64919971e-03 5.64919971e-03 5.64919971e-03 5.64919971e-03
  5.64919971e-03 5.64919971e-03 5.64919971e-03 5.64919971e-03]
 [5.64919971e-03 5.64919971e-03 5.64919971e-03 5.64919971e-03
  5.64919971e-03 5.64919971e-03 5.64919971e-03 5.64919971e-03
  5.64919971e-03 5.64919971e-03 5.64919971e-03 5.64919971e-03
  5.64919971e-03 5.64919971e-03 5.64919971e-03 5.64919971e-03
  5.64919971e-03 5.64919971e-03 5.64919971e-03 5.64919971e-03
  5.64919971e-03 5.64919971e-03 5.64919971e-03 5.64919971e-03
  5.64919971e-03 5.64919971e-03 5.64919971e-03 5.64919971e-03]
 [5.64919971e-03 5.64919971e-03 5.64919971e-03 5.64919971e-03
  5.64919971e-03 5.64919971e-03 5.64919971e-03 5.64919971e-03
  5.64919971e-03 5.64919971e-03 5.64919971e-03 5.64919971e-03
  5.64919971e-03 5.64919971e-03 5.64919971e-03 5.64919971e-03
  5.64919971e-03 5.64919971e-03 5.64919971e-03 5.64919971e-03
  5.64919971e-03 5.64919971e-03 5.64919971e-03 5.64919971e-03
  5.64919971e-03 5.64919971e-03 5.64919971e-03 5.64919971e-03]]
[[1.85689986e-01 1.85689986e-01 1.85689986e-01 1.85689986e-01
  1.85689986e-01 1.85689986e-01 1.85689986e-01 1.85689986e-01
  1.85689986e-01 1.85689986e-01 1.85689986e-01 1.85689986e-01
  1.85689986e-01 1.85689986e-01 1.85689986e-01 1.85689986e-01
  1.85689986e-01 1.85689986e-01 1.85689986e-01 1.85689986e-01
  1.85689986e-01 1.85689986e-01 1.85689986e-01 1.85689986e-01
  1.85689986e-01 1.85689986e-01 1.85689986e-01 1.85689986e-01]
 [1.85689986e-01 1.85689986e-01 1.85689986e-01 1.85689986e-01
  1.85689986e-01 1.85689986e-01 1.85689986e-01 1.85689986e-01
  1.85689986e-01 1.85689986e-01 1.85689986e-01 1.85689986e-01
  1.85689986e-01 1.85689986e-01 1.85689986e-01 1.85689986e-01
  1.85689986e-01 1.85689986e-01 1.85689986e-01 1.85689986e-01
  1.85689986e-01 1.85689986e-01 1.85689986e-01 1.85689986e-01
  1.85689986e-01 1.85689986e-01 1.85689986e-01 1.85689986e-01]
 [1.85689986e-01 1.85689986e-01 1.85689986e-01 1.85689986e-01
  1.85689986e-01 1.85689986e-01 1.85689986e-01 1.85689986e-01
  1.85689986e-01 1.85689986e-01 1.85689986e-01 1.85689986e-01
  1.85689986e-01 1.85689986e-01 1.85689986e-01 1.85689986e-01
  1.85689986e-01 1.85689986e-01 1.85689986e-01 1.85689986e-01
  1.85689986e-01 1.85689986e-01 1.85689986e-01 1.85689986e-01
  1.85689986e-01 1.85689986e-01 1.85689986e-01 1.85689986e-01]
 [1.85689986e-01 1.85689986e-01 1.85689986e-01 1.85689986e-01
  1.85689986e-01 1.85689986e-01 1.85689986e-01 1.85689986e-01
  1.85689986e-01 1.85689986e-01 1.85689986e-01 1.85689986e-01
  1.85689986e-01 1.85689986e-01 1.85689986e-01 1.85689986e-01
  1.85689986e-01 1.85689986e-01 1.85689986e-01 1.85689986e-01
  1.85689986e-01 1.85689986e-01 1.85689986e-01 1.85689986e-01
  1.85689986e-01 1.85689986e-01 1.85689986e-01 1.85689986e-01]
 [1.85689986e-01 1.85689986e-01 1.85689986e-01 1.85689986e-01
  1.85689986e-01 1.85689986e-01 1.85689986e-01 1.85689986e-01
  1.85689986e-01 1.85689986e-01 1.85689986e-01 1.85689986e-01
  1.85689986e-01 1.85689986e-01 1.85689986e-01 0.00000000e+00
  0.00000000e+00 3.37268277e+01 0.00000000e+00 1.41451417e+01
  6.14164305e+01 7.85433694e+01 5.28101204e+01 1.60546537e+01
  1.70024055e+00 1.85689986e-01 1.85689986e-01 1.85689986e-01]
 [1.85689986e-01 1.85689986e-01 1.85689986e-01 1.85689986e-01
  1.85689986e-01 1.85689986e-01 1.85689986e-01 1.85689986e-01
  1.85689986e-01 1.85689986e-01 1.85689986e-01 1.85689986e-01
  0.00000000e+00 0.00000000e+00 1.94910508e+01 5.81556354e+01
  1.19415348e+02 1.13124667e+02 3.61246372e+01 1.40086142e+02
  2.92976154e+02 3.39390345e+02 2.92855685e+02 1.44811598e+02
  2.17459174e+01 1.85689986e-01 1.85689986e-01 1.85689986e-01]
 [1.85689986e-01 1.85689986e-01 1.85689986e-01 1.85689986e-01
  1.85689986e-01 1.85689986e-01 1.85689986e-01 1.85689986e-01
  1.85689986e-01 0.00000000e+00 1.09902436e+00 6.90852433e+00
  2.21481958e+01 8.08086110e+01 2.02423909e+02 3.29197630e+02
  3.66493344e+02 2.90138526e+02 2.02341033e+02 3.56571482e+02
  7.63326021e+02 8.40301809e+02 7.24955875e+02 4.06745209e+02
  1.00762369e+02 1.85689986e-01 1.85689986e-01 1.85689986e-01]
 [1.85689986e-01 1.85689986e-01 1.85689986e-01 1.85689986e-01
  1.85689986e-01 1.85689986e-01 1.85689986e-01 0.00000000e+00
  0.00000000e+00 4.89072329e+00 8.75845171e+01 1.49617681e+02
  2.33318204e+02 4.09469509e+02 5.90467589e+02 7.03254846e+02
  5.86919582e+02 3.08372530e+02 2.33286123e+02 4.92549047e+02
  9.13342951e+02 1.05477506e+03 9.10812259e+02 5.71042428e+02
  1.69944765e+02 1.85689986e-01 1.85689986e-01 1.85689986e-01]
 [1.85689986e-01 1.85689986e-01 1.85689986e-01 1.85689986e-01
  1.85689986e-01 1.85689986e-01 1.85689986e-01 0.00000000e+00
  4.12427006e+01 1.89911999e+02 3.80817576e+02 5.68483280e+02
  6.81666102e+02 7.47805503e+02 7.10972095e+02 4.58736644e+02
  1.92830395e+02 9.47744343e+01 2.50519455e+02 5.94952417e+02
  8.67614236e+02 9.02865591e+02 6.67114720e+02 3.53660841e+02
  8.70937558e+01 1.85689986e-01 1.85689986e-01 1.85689986e-01]
 [1.85689986e-01 1.85689986e-01 1.85689986e-01 1.85689986e-01
  1.85689986e-01 1.85689986e-01 0.00000000e+00 3.62259722e+01
  2.58935861e+02 6.04146961e+02 8.94120215e+02 9.47943409e+02
  8.15995090e+02 5.67964072e+02 2.80895464e+02 7.97603417e+01
  1.37769363e+02 3.72242896e+02 6.95481549e+02 8.57527693e+02
  8.13952475e+02 5.21894388e+02 2.22730603e+02 5.08024731e+01
  1.85689986e-01 1.85689986e-01 1.85689986e-01 1.85689986e-01]
 [1.85689986e-01 1.85689986e-01 1.85689986e-01 1.85689986e-01
  1.85689986e-01 0.00000000e+00 0.00000000e+00 2.48259026e+02
  6.21774096e+02 9.52969326e+02 9.39317617e+02 6.74548412e+02
  3.44306092e+02 1.11554198e+02 0.00000000e+00 1.75165611e+02
  4.94865223e+02 8.45775001e+02 8.96949046e+02 6.95754101e+02
  3.70737262e+02 1.32444431e+02 7.82595927e+00 1.85689986e-01
  1.85689986e-01 1.85689986e-01 1.85689986e-01 1.85689986e-01]
 [1.85689986e-01 1.85689986e-01 1.85689986e-01 1.85689986e-01
  1.85689986e-01 0.00000000e+00 1.22884300e+02 5.34202193e+02
  9.38868134e+02 9.31662418e+02 6.30172994e+02 2.75578686e+02
  4.04750372e+01 0.00000000e+00 1.35118840e+02 4.93958507e+02
  8.79031592e+02 9.21955695e+02 6.18737766e+02 2.53707537e+02
  2.78816662e+01 1.85689986e-01 1.85689986e-01 1.85689986e-01
  1.85689986e-01 1.85689986e-01 1.85689986e-01 1.85689986e-01]
 [1.85689986e-01 1.85689986e-01 1.85689986e-01 1.85689986e-01
  1.85689986e-01 3.31283622e+01 2.50477659e+02 7.23488596e+02
  1.00938001e+03 7.57731379e+02 3.55110879e+02 6.90148450e+01
  0.00000000e+00 1.07566556e+02 4.32393499e+02 8.19176827e+02
  9.12689035e+02 6.15769911e+02 2.53523315e+02 2.59715996e+01
  1.85689986e-01 1.85689986e-01 1.85689986e-01 1.85689986e-01
  1.85689986e-01 1.85689986e-01 1.85689986e-01 1.85689986e-01]
 [1.85689986e-01 1.85689986e-01 1.85689986e-01 1.85689986e-01
  1.85689986e-01 5.74113339e+01 2.56472570e+02 6.65525614e+02
  9.16097803e+02 7.17916475e+02 3.95816317e+02 2.15234192e+02
  1.70803126e+02 4.15125675e+02 7.75302195e+02 8.66765752e+02
  5.94671773e+02 2.39886468e+02 2.69266320e+01 1.85689986e-01
  1.85689986e-01 1.85689986e-01 1.85689986e-01 1.85689986e-01
  1.85689986e-01 1.85689986e-01 1.85689986e-01 1.85689986e-01]
 [1.85689986e-01 1.85689986e-01 1.85689986e-01 1.85689986e-01
  1.85689986e-01 1.54539443e+01 1.63081664e+02 4.66078809e+02
  8.39891594e+02 9.04337659e+02 7.76485758e+02 6.30654249e+02
  6.23882391e+02 8.02980549e+02 9.49778748e+02 6.85029802e+02
  2.86232544e+02 2.28705869e+01 9.03108656e-01 1.85689986e-01
  1.85689986e-01 1.85689986e-01 1.85689986e-01 1.85689986e-01
  1.85689986e-01 1.85689986e-01 1.85689986e-01 1.85689986e-01]
 [1.85689986e-01 1.85689986e-01 1.85689986e-01 1.85689986e-01
  1.85689986e-01 1.85689986e-01 6.52171460e+01 2.48130588e+02
  5.10824039e+02 7.06353412e+02 7.71790545e+02 9.58313958e+02
  1.03597254e+03 1.03398195e+03 8.64555405e+02 6.27292174e+02
  3.26112177e+02 1.80372926e+02 5.79468652e+01 7.00358328e+00
  2.65403174e-01 1.85689986e-01 1.85689986e-01 1.85689986e-01
  1.85689986e-01 1.85689986e-01 1.85689986e-01 1.85689986e-01]
 [1.85689986e-01 1.85689986e-01 1.85689986e-01 1.85689986e-01
  1.85689986e-01 1.85689986e-01 1.85689986e-01 2.16743451e+01
  8.16462346e+01 1.92715486e+02 4.12290330e+02 7.98019822e+02
  1.06888898e+03 1.01220866e+03 8.80230042e+02 7.77941062e+02
  6.25704181e+02 4.85400049e+02 3.06897482e+02 1.28972087e+02
  1.47231886e+01 8.23395491e-01 1.85689986e-01 1.85689986e-01
  1.85689986e-01 1.85689986e-01 1.85689986e-01 1.85689986e-01]
 [1.85689986e-01 1.85689986e-01 1.85689986e-01 1.85689986e-01
  1.85689986e-01 1.85689986e-01 1.85689986e-01 1.85689986e-01
  1.85689986e-01 9.72773129e+00 2.34471382e+02 7.11381672e+02
  1.04411739e+03 7.92843593e+02 5.64648695e+02 5.10436578e+02
  6.16781399e+02 6.43889222e+02 6.36125329e+02 4.44904217e+02
  1.33309127e+02 9.43569285e+00 1.85689986e-01 1.85689986e-01
  1.85689986e-01 1.85689986e-01 1.85689986e-01 1.85689986e-01]
 [1.85689986e-01 1.85689986e-01 1.85689986e-01 1.85689986e-01
  1.85689986e-01 1.85689986e-01 1.85689986e-01 1.85689986e-01
  1.85689986e-01 5.02089568e+01 3.13473848e+02 7.85295973e+02
  9.69797215e+02 5.15611856e+02 1.03945805e+02 2.11088524e+01
  1.60746337e+02 3.90787267e+02 6.55642122e+02 7.32116286e+02
  4.36709690e+02 5.66611882e+01 1.85689986e-01 1.85689986e-01
  1.85689986e-01 1.85689986e-01 1.85689986e-01 1.85689986e-01]
 [1.85689986e-01 1.85689986e-01 1.85689986e-01 1.85689986e-01
  1.85689986e-01 1.85689986e-01 1.85689986e-01 1.85689986e-01
  1.85689986e-01 4.01487599e+01 2.97611116e+02 7.62588773e+02
  9.15249848e+02 4.34080240e+02 2.47463494e+01 1.85689986e-01
  1.31667179e+00 8.79115233e+01 4.00748868e+02 7.64895598e+02
  6.54069655e+02 1.86697873e+02 1.85689986e-01 1.85689986e-01
  1.85689986e-01 1.85689986e-01 1.85689986e-01 1.85689986e-01]
 [1.85689986e-01 1.85689986e-01 1.85689986e-01 1.85689986e-01
  1.85689986e-01 1.85689986e-01 1.85689986e-01 1.85689986e-01
  1.85689986e-01 6.40647236e+01 2.82836124e+02 7.66620610e+02
  9.28311795e+02 4.89768361e+02 3.52593423e+01 1.85689986e-01
  2.76214182e-02 3.45056804e+01 3.76313163e+02 7.93764777e+02
  7.08720369e+02 2.71425661e+02 1.85689986e-01 1.85689986e-01
  1.85689986e-01 1.85689986e-01 1.85689986e-01 1.85689986e-01]
 [1.85689986e-01 1.85689986e-01 1.85689986e-01 1.85689986e-01
  1.85689986e-01 1.85689986e-01 1.85689986e-01 1.85689986e-01
  1.85689986e-01 4.60738538e+01 2.36212459e+02 6.10426632e+02
  8.74857565e+02 5.88728514e+02 9.62825995e+01 1.78266931e+00
  0.00000000e+00 1.14218545e+02 5.05766659e+02 8.03312515e+02
  5.62288250e+02 1.54663656e+02 1.85689986e-01 1.85689986e-01
  1.85689986e-01 1.85689986e-01 1.85689986e-01 1.85689986e-01]
 [1.85689986e-01 1.85689986e-01 1.85689986e-01 1.85689986e-01
  1.85689986e-01 1.85689986e-01 1.85689986e-01 1.85689986e-01
  1.85689986e-01 3.01314455e+00 1.33974874e+02 4.00428089e+02
  7.10891354e+02 7.00934971e+02 3.32792326e+02 5.81770645e+01
  6.57650963e+01 3.12320399e+02 6.83788381e+02 7.37888557e+02
  4.07025141e+02 6.03528119e+01 1.85689986e-01 1.85689986e-01
  1.85689986e-01 1.85689986e-01 1.85689986e-01 1.85689986e-01]
 [1.85689986e-01 1.85689986e-01 1.85689986e-01 1.85689986e-01
  1.85689986e-01 1.85689986e-01 1.85689986e-01 1.85689986e-01
  1.85689986e-01 1.85689986e-01 3.63771077e+01 2.11740210e+02
  4.97974142e+02 6.77805488e+02 5.86609329e+02 3.35955796e+02
  3.84163387e+02 6.22128271e+02 7.76088147e+02 5.61973108e+02
  1.87679804e+02 1.85689986e-01 1.85689986e-01 1.85689986e-01
  1.85689986e-01 1.85689986e-01 1.85689986e-01 1.85689986e-01]
 [1.85689986e-01 1.85689986e-01 1.85689986e-01 1.85689986e-01
  1.85689986e-01 1.85689986e-01 1.85689986e-01 1.85689986e-01
  1.85689986e-01 1.85689986e-01 1.85689986e-01 4.93833981e+01
  2.14857474e+02 4.53164531e+02 6.30146984e+02 6.70994436e+02
  6.82891778e+02 7.14699057e+02 5.33627299e+02 2.47758949e+02
  2.59715996e+01 1.85689986e-01 1.85689986e-01 1.85689986e-01
  1.85689986e-01 1.85689986e-01 1.85689986e-01 1.85689986e-01]
 [1.85689986e-01 1.85689986e-01 1.85689986e-01 1.85689986e-01
  1.85689986e-01 1.85689986e-01 1.85689986e-01 1.85689986e-01
  1.85689986e-01 1.85689986e-01 1.85689986e-01 1.85689986e-01
  1.03645259e+01 1.03357279e+02 2.65837072e+02 4.33255613e+02
  4.19645395e+02 2.91769824e+02 1.18985737e+02 2.40615311e+01
  1.85689986e-01 1.85689986e-01 1.85689986e-01 1.85689986e-01
  1.85689986e-01 1.85689986e-01 1.85689986e-01 1.85689986e-01]
 [1.85689986e-01 1.85689986e-01 1.85689986e-01 1.85689986e-01
  1.85689986e-01 1.85689986e-01 1.85689986e-01 1.85689986e-01
  1.85689986e-01 1.85689986e-01 1.85689986e-01 1.85689986e-01
  1.85689986e-01 1.85689986e-01 1.85689986e-01 1.85689986e-01
  1.85689986e-01 1.85689986e-01 1.85689986e-01 1.85689986e-01
  1.85689986e-01 1.85689986e-01 1.85689986e-01 1.85689986e-01
  1.85689986e-01 1.85689986e-01 1.85689986e-01 1.85689986e-01]
 [1.85689986e-01 1.85689986e-01 1.85689986e-01 1.85689986e-01
  1.85689986e-01 1.85689986e-01 1.85689986e-01 1.85689986e-01
  1.85689986e-01 1.85689986e-01 1.85689986e-01 1.85689986e-01
  1.85689986e-01 1.85689986e-01 1.85689986e-01 1.85689986e-01
  1.85689986e-01 1.85689986e-01 1.85689986e-01 1.85689986e-01
  1.85689986e-01 1.85689986e-01 1.85689986e-01 1.85689986e-01
  1.85689986e-01 1.85689986e-01 1.85689986e-01 1.85689986e-01]]
[[ 0.38969064  0.38969064  0.38969064  0.38969064  0.38969064  0.38969064
   0.38969064  0.38969064  0.38969064  0.38969064  0.38969064  0.38969064
   0.38969064  0.38969064  0.38969064  0.38969064  0.38969064  0.38969064
   0.38969064  0.38969064  0.38969064  0.38969064  0.38969064  0.38969064
   0.38969064  0.38969064  0.38969064  0.38969064]
 [ 0.38969064  0.38969064  0.38969064  0.38969064  0.38969064  0.38969064
   0.38969064  0.38969064  0.38969064  0.38969064  0.38969064  0.38969064
   0.38969064  0.38969064  0.38969064  0.38969064  0.38969064  0.38969064
   0.38969064  0.38969064  0.38969064  0.38969064  0.38969064  0.38969064
   0.38969064  0.38969064  0.38969064  0.38969064]
 [ 0.38969064  0.38969064  0.38969064  0.38969064  0.38969064  0.38969064
   0.38969064  0.38969064  0.38969064  0.38969064  0.38969064  0.38969064
   0.38969064  0.38969064  0.38969064  0.38969064  0.38969064  0.38969064
   0.38969064  0.38969064  0.38969064  0.38969064  0.38969064  0.38969064
   0.38969064  0.38969064  0.38969064  0.38969064]
 [ 0.38969064  0.38969064  0.38969064  0.38969064  0.38969064  0.38969064
   0.38969064  0.38969064  0.38969064  0.38969064  0.38969064  0.38969064
   0.38969064  0.38969064  0.38969064  0.38969064  0.38969064  0.38969064
   0.38969064  0.38969064  0.38969064  0.38969064  0.38969064  0.38969064
   0.38969064  0.38969064  0.38969064  0.38969064]
 [ 0.38969064  0.38969064  0.38969064  0.38969064  0.38969064  0.38969064
   0.38969064  0.38969064  0.38969064  0.38969064  0.38969064  0.38969064
   0.38969064  0.38969064  0.38969064  0.          0.          0.
   0.          0.          0.         14.93648171 59.96809125 40.79981232
   9.05172944  0.38969064  0.38969064  0.38969064]
 [ 0.38969064  0.38969064  0.38969064  0.38969064  0.38969064  0.38969064
   0.38969064  0.38969064  0.38969064  0.38969064  0.38969064  0.38969064
   0.          0.          0.          0.          0.         52.70975184
   0.          0.          0.          0.          0.         38.9696362
  42.76994443  0.38969064  0.38969064  0.38969064]
 [ 0.38969064  0.38969064  0.38969064  0.38969064  0.38969064  0.38969064
   0.38969064  0.38969064  0.38969064  0.          0.          0.
   0.          0.          0.          0.          0.          0.
   0.          0.          0.          0.          0.          0.
   0.          0.38969064  0.38969064  0.38969064]
 [ 0.38969064  0.38969064  0.38969064  0.38969064  0.38969064  0.38969064
   0.38969064  0.          0.          0.          0.          0.
   0.          0.          0.          0.          0.          0.
   0.          0.          0.          0.          0.          0.
   0.          0.38969064  0.38969064  0.38969064]
 [ 0.38969064  0.38969064  0.38969064  0.38969064  0.38969064  0.38969064
   0.38969064  0.          0.          0.          0.          0.
   0.          0.          0.          0.          0.          0.
   0.          0.          0.          0.          0.          0.
   0.          0.38969064  0.38969064  0.38969064]
 [ 0.38969064  0.38969064  0.38969064  0.38969064  0.38969064  0.38969064
   0.          0.          0.          0.          0.          0.
   0.          0.          0.          0.          0.          0.
   0.          0.          0.          0.          0.          0.
   0.38969064  0.38969064  0.38969064  0.38969064]
 [ 0.38969064  0.38969064  0.38969064  0.38969064  0.38969064  0.
   0.          0.          0.          0.          0.          0.
   0.          0.          0.          0.          0.          0.
   0.          0.          0.          0.          0.          0.38969064
   0.38969064  0.38969064  0.38969064  0.38969064]
 [ 0.38969064  0.38969064  0.38969064  0.38969064  0.38969064  0.
   0.          0.          0.          0.          0.          0.
   0.          0.          0.          0.          0.          0.
   0.          0.          0.          0.38969064  0.38969064  0.38969064
   0.38969064  0.38969064  0.38969064  0.38969064]
 [ 0.38969064  0.38969064  0.38969064  0.38969064  0.38969064  0.
   0.          0.          0.          0.          0.         25.67305064
   0.          0.          0.          0.          0.          0.
   0.          0.          0.38969064  0.38969064  0.38969064  0.38969064
   0.38969064  0.38969064  0.38969064  0.38969064]
 [ 0.38969064  0.38969064  0.38969064  0.38969064  0.38969064  0.
   0.          0.          0.          0.          0.          0.
   0.          0.          0.          0.          0.          0.
   0.          0.38969064  0.38969064  0.38969064  0.38969064  0.38969064
   0.38969064  0.38969064  0.38969064  0.38969064]
 [ 0.38969064  0.38969064  0.38969064  0.38969064  0.38969064  1.94341505
   0.          0.          0.          0.          0.          0.
   0.          0.          0.          0.          3.13554978 48.72225082
   4.49276185  0.38969064  0.38969064  0.38969064  0.38969064  0.38969064
   0.38969064  0.38969064  0.38969064  0.38969064]
 [ 0.38969064  0.38969064  0.38969064  0.38969064  0.38969064  0.38969064
   7.007406   19.26623178  0.          0.          0.          0.
   0.          0.          0.          0.          0.          0.
  80.81827822 36.73279433  0.84558743  0.38969064  0.38969064  0.38969064
   0.38969064  0.38969064  0.38969064  0.38969064]
 [ 0.38969064  0.38969064  0.38969064  0.38969064  0.38969064  0.38969064
   0.38969064  2.57641387  9.60057616  0.          0.          0.
   0.          0.          0.          0.          0.          0.
   0.         50.70293373 58.07431608  4.036865    0.38969064  0.38969064
   0.38969064  0.38969064  0.38969064  0.38969064]
 [ 0.38969064  0.38969064  0.38969064  0.38969064  0.38969064  0.38969064
   0.38969064  0.38969064  0.38969064  0.          0.          0.
   0.          0.          0.          0.          0.          0.
   0.          0.         33.11583114 19.21778464  0.38969064  0.38969064
   0.38969064  0.38969064  0.38969064  0.38969064]
 [ 0.38969064  0.38969064  0.38969064  0.38969064  0.38969064  0.38969064
   0.38969064  0.38969064  0.38969064  0.          0.          0.
   0.          0.          0.          2.51886845 17.14448813  0.
   0.          0.          0.         60.11266732  0.38969064  0.38969064
   0.38969064  0.38969064  0.38969064  0.38969064]
 [ 0.38969064  0.38969064  0.38969064  0.38969064  0.38969064  0.38969064
   0.38969064  0.38969064  0.38969064  0.          0.          0.
   0.          0.          0.          0.38969064  0.50478134  0.
   0.          0.          0.          0.          0.38969064  0.38969064
   0.38969064  0.38969064  0.38969064  0.38969064]
 [ 0.38969064  0.38969064  0.38969064  0.38969064  0.38969064  0.38969064
   0.38969064  0.38969064  0.38969064  0.          0.          0.
   0.          0.         20.71065164  0.38969064  0.          0.
   0.          0.          0.          0.          0.38969064  0.38969064
   0.38969064  0.38969064  0.38969064  0.38969064]
 [ 0.38969064  0.38969064  0.38969064  0.38969064  0.38969064  0.38969064
   0.38969064  0.38969064  0.38969064  3.85632932  0.          0.
   0.          0.         50.55848813 10.3334251   0.          0.
   0.          0.          0.          0.          0.38969064  0.38969064
   0.38969064  0.38969064  0.38969064  0.38969064]
 [ 0.38969064  0.38969064  0.38969064  0.38969064  0.38969064  0.38969064
   0.38969064  0.38969064  0.38969064  0.6774174   0.          0.
   0.          0.          0.          0.          0.          0.
   0.          0.          0.          0.          0.38969064  0.38969064
   0.38969064  0.38969064  0.38969064  0.38969064]
 [ 0.38969064  0.38969064  0.38969064  0.38969064  0.38969064  0.38969064
   0.38969064  0.38969064  0.38969064  0.38969064  4.07259297  2.53696465
   0.          0.          0.          0.          0.          0.
   0.          0.          0.          0.38969064  0.38969064  0.38969064
   0.38969064  0.38969064  0.38969064  0.38969064]
 [ 0.38969064  0.38969064  0.38969064  0.38969064  0.38969064  0.38969064
   0.38969064  0.38969064  0.38969064  0.38969064  0.38969064  5.39613605
  20.01352191  0.          0.          0.          0.          0.
   0.          0.          0.          0.38969064  0.38969064  0.38969064
   0.38969064  0.38969064  0.38969064  0.38969064]
 [ 0.38969064  0.38969064  0.38969064  0.38969064  0.38969064  0.38969064
   0.38969064  0.38969064  0.38969064  0.38969064  0.38969064  0.38969064
   1.42550695 11.3250258  24.11921144  0.          0.          0.
   0.          0.          0.38969064  0.38969064  0.38969064  0.38969064
   0.38969064  0.38969064  0.38969064  0.38969064]
 [ 0.38969064  0.38969064  0.38969064  0.38969064  0.38969064  0.38969064
   0.38969064  0.38969064  0.38969064  0.38969064  0.38969064  0.38969064
   0.38969064  0.38969064  0.38969064  0.38969064  0.38969064  0.38969064
   0.38969064  0.38969064  0.38969064  0.38969064  0.38969064  0.38969064
   0.38969064  0.38969064  0.38969064  0.38969064]
 [ 0.38969064  0.38969064  0.38969064  0.38969064  0.38969064  0.38969064
   0.38969064  0.38969064  0.38969064  0.38969064  0.38969064  0.38969064
   0.38969064  0.38969064  0.38969064  0.38969064  0.38969064  0.38969064
   0.38969064  0.38969064  0.38969064  0.38969064  0.38969064  0.38969064
   0.38969064  0.38969064  0.38969064  0.38969064]]
