tensor([[[[-1.3587e+00, -2.7436e+00, -1.2037e+00,  ...,  7.4246e-01,
           -1.4552e+00, -8.7114e-01],
          [-2.8944e+00, -2.6187e+00, -1.7459e+00,  ...,  7.8457e-01,
           -3.3272e+00, -2.9404e+00],
          [-4.0632e+00, -3.7459e+00, -2.8937e-01,  ...,  8.5850e-02,
           -3.9547e+00, -2.4327e+00],
          ...,
          [ 8.8046e-01,  3.7075e-01,  1.3215e+00,  ..., -5.1108e-01,
           -2.9055e-01, -7.9931e-01],
          [-1.1412e+00, -1.9749e-02,  2.2716e+00,  ..., -2.6583e+00,
           -5.2957e-01,  1.0969e+00],
          [-2.5459e+00, -3.9202e-01,  5.9894e-01,  ..., -1.3054e+00,
            1.3107e-01, -3.8733e-01]],

         [[-1.9901e+00, -2.7505e+00, -2.4748e+00,  ...,  8.7081e-01,
           -9.9289e-01, -1.1297e+00],
          [-3.4978e+00, -4.5184e+00, -4.1830e+00,  ...,  1.4279e+00,
           -3.0412e+00, -1.9279e+00],
          [-3.0235e+00, -1.4887e+00, -6.4677e-01,  ...,  1.3985e+00,
           -4.2202e+00, -3.2351e+00],
          ...,
          [ 4.5193e-02, -5.8111e-01,  6.7785e-01,  ..., -5.5173e-01,
           -1.3142e+00, -5.9254e-01],
          [-1.8666e+00, -1.2436e+00,  4.7948e-01,  ..., -1.7544e+00,
           -1.8960e+00, -7.9197e-03],
          [-1.7946e+00,  5.4819e-02,  7.7230e-01,  ..., -1.5769e+00,
           -8.0555e-01,  6.2946e-01]],

         [[-6.5576e-01, -5.2704e-01, -9.8492e-01,  ...,  6.4787e-01,
            5.8817e-01, -8.1245e-01],
          [-7.8508e-01, -2.2882e+00, -2.6793e+00,  ...,  1.5984e+00,
           -4.8218e-01, -1.7137e+00],
          [-1.9791e+00, -2.8896e+00, -2.4300e+00,  ...,  1.9004e+00,
           -7.4231e-01, -2.4017e+00],
          ...,
          [ 1.1204e+00,  9.2308e-01,  4.9739e-01,  ..., -6.6184e-03,
           -4.6882e-01, -1.7632e-02],
          [-4.1728e-01, -8.1288e-01,  4.4810e-01,  ..., -7.7942e-01,
           -1.2001e+00, -3.3668e-01],
          [-1.3659e+00, -1.3036e+00, -7.5035e-02,  ..., -1.5896e+00,
           -1.8555e+00,  2.6140e-01]],

         [[-9.1282e-01, -1.4712e+00, -2.4622e+00,  ...,  9.3609e-01,
            5.0303e-01, -1.7447e+00],
          [-1.9328e+00, -4.6875e+00, -4.9110e+00,  ...,  2.2475e+00,
           -7.7177e-01, -2.1484e+00],
          [-2.1539e+00, -2.6447e+00, -2.4151e+00,  ...,  2.6841e+00,
           -1.8232e+00, -4.1691e+00],
          ...,
          [ 5.9005e-01, -4.5499e-03,  3.7099e-01,  ..., -4.9181e-01,
           -1.1026e+00, -3.0953e-01],
          [-1.4118e+00, -2.2016e+00, -3.8467e-01,  ..., -1.3646e+00,
           -2.8393e+00, -8.1490e-01],
          [-1.5197e+00, -1.1710e+00,  2.0192e-01,  ..., -2.5709e+00,
           -2.2774e+00,  1.1146e+00]]]], grad_fn=<ThnnConv2DBackward>)
