[[ 2.66421179e-04  2.66421179e-04  2.66421179e-04  2.66421179e-04
   2.66421179e-04  2.66421179e-04  2.66421179e-04  2.66421179e-04
   2.66421179e-04  2.66421179e-04  2.66421179e-04  2.66421179e-04
   2.66421179e-04  2.66421179e-04  2.66421179e-04  2.66421179e-04
   2.66421179e-04  2.66421179e-04  2.66421179e-04  2.66421179e-04
   2.66421179e-04  2.66421179e-04  2.66421179e-04  2.66421179e-04
   2.66421179e-04  2.66421179e-04  2.66421179e-04  2.66421179e-04]
 [ 2.66421179e-04  2.66421179e-04  2.66421179e-04  2.66421179e-04
   2.66421179e-04  2.66421179e-04  2.66421179e-04  2.66421179e-04
   2.66421179e-04  2.66421179e-04  2.66421179e-04  2.66421179e-04
   2.66421179e-04  2.66421179e-04  2.66421179e-04  2.66421179e-04
   2.66421179e-04  2.66421179e-04  2.66421179e-04  2.66421179e-04
   2.66421179e-04  2.66421179e-04  2.66421179e-04  2.66421179e-04
   2.66421179e-04  2.66421179e-04  2.66421179e-04  2.66421179e-04]
 [ 2.66421179e-04  2.66421179e-04  2.66421179e-04  2.66421179e-04
   2.66421179e-04  2.66421179e-04  2.66421179e-04  2.66421179e-04
   2.66421179e-04  2.66421179e-04  2.66421179e-04  2.66421179e-04
   2.66421179e-04  2.66421179e-04  2.66421179e-04  2.66421179e-04
   2.66421179e-04  2.66421179e-04  2.66421179e-04  2.66421179e-04
   2.66421179e-04  2.66421179e-04  2.66421179e-04  2.66421179e-04
   2.66421179e-04  2.66421179e-04  2.66421179e-04  2.66421179e-04]
 [ 2.66421179e-04  2.66421179e-04  2.66421179e-04  2.66421179e-04
   2.66421179e-04  2.66421179e-04  2.66421179e-04  2.66421179e-04
   2.66421179e-04  2.66421179e-04  2.44185766e+01 -9.13660921e+00
   1.42902514e+01  4.00188142e+01  5.58737048e+01  1.06313065e+01
   2.08652032e+01  5.24577010e-01 -1.42338439e+01 -2.01394023e+00
   2.66421179e-04  2.66421179e-04  2.66421179e-04  2.66421179e-04
   2.66421179e-04  2.66421179e-04  2.66421179e-04  2.66421179e-04]
 [ 2.66421179e-04  2.66421179e-04  2.66421179e-04  2.66421179e-04
   2.66421179e-04  2.66421179e-04  2.66421179e-04  2.66421179e-04
   5.60446869e+00  6.92813944e+01  1.23689856e+02  9.33358914e+01
   1.34981914e+02  1.94189065e+02  3.44447658e+02  3.84529304e+02
   3.86607261e+02  2.74702113e+02  1.75143005e+02  3.09212917e+01
  -2.19950081e+01 -2.77339519e+00  2.66421179e-04  2.66421179e-04
   2.66421179e-04  2.66421179e-04  2.66421179e-04  2.66421179e-04]
 [ 2.66421179e-04  2.66421179e-04  2.66421179e-04  2.66421179e-04
   2.66421179e-04  2.66421179e-04  2.66421179e-04  2.66421179e-04
   7.33930162e+01  2.51616848e+02  4.44518366e+02  6.22344369e+02
   6.71511821e+02  6.98737006e+02  8.27354870e+02  9.16908649e+02
   9.16403625e+02  8.59209280e+02  7.62596444e+02  5.15624420e+02
   2.03291067e+02  4.65052827e+01 -1.51864351e+00  2.66421179e-04
   2.66421179e-04  2.66421179e-04  2.66421179e-04  2.66421179e-04]
 [ 2.66421179e-04  2.66421179e-04  2.66421179e-04  2.66421179e-04
   2.66421179e-04  2.66421179e-04  2.66421179e-04  1.72131742e+01
   2.32445413e+02  4.90317216e+02  8.15280065e+02  9.93870141e+02
   1.01307250e+03  9.72594869e+02  9.26535933e+02  9.12131304e+02
   9.04801347e+02  1.02089695e+03  1.09244530e+03  1.03259158e+03
   6.50699641e+02  2.40614535e+02  2.55007576e+01 -5.61069858e-01
   2.66421179e-04  2.66421179e-04  2.66421179e-04  2.66421179e-04]
 [ 2.66421179e-04  2.66421179e-04  2.66421179e-04  2.66421179e-04
   2.66421179e-04  2.66421179e-04  2.66421179e-04  6.21841577e+01
   4.05069606e+02  7.11549886e+02  9.60880145e+02  8.60810118e+02
   6.96522268e+02  5.00177763e+02  4.00108806e+02  3.54314365e+02
   3.38111525e+02  4.89335433e+02  8.05157694e+02  1.06088058e+03
   9.63224753e+02  5.13318355e+02  1.52169701e+02  1.01237146e+01
   2.66421179e-04  2.66421179e-04  2.66421179e-04  2.66421179e-04]
 [ 2.66421179e-04  2.66421179e-04  2.66421179e-04  2.66421179e-04
   2.66421179e-04  2.66421179e-04  2.66421179e-04  9.54825510e+01
   4.98600042e+02  7.88410823e+02  8.85539970e+02  6.34925391e+02
   3.00351833e+02  7.16458930e+01  2.89049410e+01  8.58681046e+00
   8.59507668e-01  5.64699405e+01  3.28228079e+02  8.02675674e+02
   1.01992689e+03  7.66013850e+02  3.43128288e+02  6.25683635e+01
   2.66421179e-04  2.66421179e-04  2.66421179e-04  2.66421179e-04]
 [ 2.66421179e-04  2.66421179e-04  2.66421179e-04  2.66421179e-04
   2.66421179e-04  2.66421179e-04  2.66421179e-04  1.59980655e+02
   4.99164829e+02  7.02315090e+02  6.89857704e+02  3.73822969e+02
   7.65636133e+01  2.66421179e-04  2.66421179e-04  2.66421179e-04
   2.66421179e-04  2.66421179e-04  5.75694307e+01  4.70876453e+02
   8.58621078e+02  9.26324715e+02  4.92970085e+02  1.62997025e+02
   2.66421179e-04  2.66421179e-04  2.66421179e-04  2.66421179e-04]
 [ 2.66421179e-04  2.66421179e-04  2.66421179e-04  2.66421179e-04
   2.66421179e-04  2.66421179e-04  1.36104721e+01  2.88784643e+02
   5.86269314e+02  6.96408709e+02  5.42553035e+02  1.87482038e+02
   2.66421179e-04  2.66421179e-04  2.66421179e-04  2.66421179e-04
   2.66421179e-04  2.66421179e-04  2.66421179e-04  2.67294021e+02
   7.01832633e+02  9.42148556e+02  5.93531806e+02  2.63177403e+02
   2.66421179e-04  2.66421179e-04  2.66421179e-04  2.66421179e-04]
 [ 2.66421179e-04  2.66421179e-04  2.66421179e-04  2.66421179e-04
   2.66421179e-04  2.66421179e-04  8.18818277e+01  3.91386834e+02
   6.76951144e+02  7.20651763e+02  4.70752722e+02  1.16689433e+02
   2.66421179e-04  2.66421179e-04  2.66421179e-04  2.66421179e-04
   2.66421179e-04  2.66421179e-04  2.66421179e-04  1.75753105e+02
   6.02266525e+02  8.66486210e+02  6.34922363e+02  3.03247937e+02
   2.66421179e-04  2.66421179e-04  2.66421179e-04  2.66421179e-04]
 [ 2.66421179e-04  2.66421179e-04  2.66421179e-04  2.66421179e-04
   2.66421179e-04  2.66421179e-04  2.16798408e+02  5.03851600e+02
   6.98813681e+02  6.51187759e+02  3.38643679e+02  4.15018953e+01
   2.66421179e-04  2.66421179e-04  2.66421179e-04  2.66421179e-04
   2.66421179e-04  2.66421179e-04  2.66421179e-04  1.47398143e+02
   5.53484794e+02  8.19260220e+02  6.34922363e+02  3.03247937e+02
   2.66421179e-04  2.66421179e-04  2.66421179e-04  2.66421179e-04]
 [ 2.66421179e-04  2.66421179e-04  2.66421179e-04  2.66421179e-04
   2.66421179e-04  2.66421179e-04  3.37707301e+02  6.19358283e+02
   6.95187070e+02  5.21515066e+02  1.66828857e+02  2.66421179e-04
   2.66421179e-04  2.66421179e-04  2.66421179e-04  2.66421179e-04
   2.66421179e-04  2.66421179e-04  2.66421179e-04  1.47398143e+02
   5.53484794e+02  8.19260220e+02  6.34922363e+02  3.03247937e+02
   2.66421179e-04  2.66421179e-04  2.66421179e-04  2.66421179e-04]
 [ 2.66421179e-04  2.66421179e-04  2.66421179e-04  2.66421179e-04
   2.66421179e-04  4.40356814e+00  3.75651229e+02  6.39753054e+02
   6.15187720e+02  3.56284997e+02  4.29329828e+01  2.66421179e-04
   2.66421179e-04  2.66421179e-04  2.66421179e-04  2.66421179e-04
   2.66421179e-04  2.66421179e-04  2.66421179e-04  1.47398143e+02
   5.53484794e+02  8.19260220e+02  6.34922363e+02  3.03247937e+02
   2.66421179e-04  2.66421179e-04  2.66421179e-04  2.66421179e-04]
 [ 2.66421179e-04  2.66421179e-04  2.66421179e-04  2.66421179e-04
   2.66421179e-04  4.94026569e+01  3.87389909e+02  6.25484234e+02
   5.62395950e+02  2.83316156e+02  2.66421179e-04  2.66421179e-04
   2.66421179e-04  2.66421179e-04  2.66421179e-04  2.66421179e-04
   2.66421179e-04  2.66421179e-04  2.66421179e-04  1.78621555e+02
   5.40265998e+02  8.15083473e+02  6.35600250e+02  3.03380016e+02
   2.66421179e-04  2.66421179e-04  2.66421179e-04  2.66421179e-04]
 [ 2.66421179e-04  2.66421179e-04  2.66421179e-04  2.66421179e-04
   2.66421179e-04  1.34587467e+02  4.92108446e+02  7.26504146e+02
   5.91914718e+02  2.83316156e+02  2.66421179e-04  2.66421179e-04
   2.66421179e-04  2.66421179e-04  2.66421179e-04  2.66421179e-04
   2.66421179e-04  2.66421179e-04  2.04155744e+01  2.72536952e+02
   5.81352520e+02  8.13045930e+02  6.55455596e+02  3.04839975e+02
   2.66421179e-04  2.66421179e-04  2.66421179e-04  2.66421179e-04]
 [ 2.66421179e-04  2.66421179e-04  2.66421179e-04  2.66421179e-04
   2.66421179e-04  1.71964462e+02  5.71448364e+02  8.14625679e+02
   6.16958801e+02  2.83316156e+02  2.66421179e-04  2.66421179e-04
   2.66421179e-04  2.66421179e-04  2.66421179e-04  2.66421179e-04
   2.66421179e-04  2.04155744e+01  1.04572349e+02  3.98121185e+02
   7.00933392e+02  7.80592960e+02  5.70875286e+02  2.05005085e+02
   2.66421179e-04  2.66421179e-04  2.66421179e-04  2.66421179e-04]
 [ 2.66421179e-04  2.66421179e-04  2.66421179e-04  2.66421179e-04
   2.66421179e-04  1.59154857e+02  5.71667556e+02  8.17885445e+02
   6.17388057e+02  2.83316156e+02  2.66421179e-04  2.66421179e-04
   2.66421179e-04  2.66421179e-04  2.66421179e-04  2.66421179e-04
   1.20116698e+00  1.13507591e+02  2.84167736e+02  5.72677972e+02
   7.80539035e+02  7.04523921e+02  3.82748959e+02  5.66308535e+01
   2.66421179e-04  2.66421179e-04  2.66421179e-04  2.66421179e-04]
 [ 2.66421179e-04  2.66421179e-04  2.66421179e-04  2.66421179e-04
   2.66421179e-04  1.03140937e+02  5.37191043e+02  7.97252105e+02
   6.14277752e+02  2.79464444e+02 -6.60129201e-01  2.66421179e-04
   2.66421179e-04  2.66421179e-04  1.84140752e+01  5.30501932e+01
   5.63567334e+01  2.40919526e+02  5.16818738e+02  7.56286609e+02
   7.71592834e+02  5.33001639e+02  1.83252546e+02  2.86244761e+00
   2.66421179e-04  2.66421179e-04  2.66421179e-04  2.66421179e-04]
 [ 2.66421179e-04  2.66421179e-04  2.66421179e-04  2.66421179e-04
   2.66421179e-04  2.83552278e+01  4.35895400e+02  7.25924888e+02
   6.80155732e+02  3.43627612e+02  4.96367973e+01  3.56058239e+01
   3.56058239e+01  3.56058239e+01  1.00163864e+02  2.29298573e+02
   3.81513542e+02  6.07883336e+02  8.14947085e+02  8.02336427e+02
   5.99517874e+02  2.49444162e+02  3.93552583e+01  2.66421179e-04
   2.66421179e-04  2.66421179e-04  2.66421179e-04  2.66421179e-04]
 [ 2.66421179e-04  2.66421179e-04  2.66421179e-04  2.66421179e-04
   2.66421179e-04  2.66421179e-04  3.22273990e+02  7.05599922e+02
   9.11905092e+02  7.19326947e+02  5.10644569e+02  4.78545532e+02
   4.78545532e+02  4.78545532e+02  5.49172963e+02  6.84723686e+02
   8.64920120e+02  9.53132319e+02  9.12816805e+02  6.86571527e+02
   3.51070718e+02  5.24913438e+01  2.66421179e-04  2.66421179e-04
   2.66421179e-04  2.66421179e-04  2.66421179e-04  2.66421179e-04]
 [ 2.66421179e-04  2.66421179e-04  2.66421179e-04  2.66421179e-04
   2.66421179e-04  2.66421179e-04  1.66849166e+02  5.25080827e+02
   9.49360916e+02  1.04315313e+03  1.01242211e+03  9.93796157e+02
   9.93796157e+02  9.93796157e+02  9.76994972e+02  1.02146151e+03
   1.02679397e+03  9.31286203e+02  6.80773338e+02  3.75977045e+02
   1.19016507e+02  7.15571915e+00  2.66421179e-04  2.66421179e-04
   2.66421179e-04  2.66421179e-04  2.66421179e-04  2.66421179e-04]
 [ 2.66421179e-04  2.66421179e-04  2.66421179e-04  2.66421179e-04
   2.66421179e-04  2.66421179e-04  3.47995371e+01  1.71986196e+02
   5.31363551e+02  8.47548124e+02  1.05037810e+03  1.08298969e+03
   1.08298969e+03  1.08298969e+03  9.89583274e+02  8.71347938e+02
   6.56137420e+02  4.81907501e+02  2.56131935e+02  8.58656992e+01
   2.66421179e-04  2.66421179e-04  2.66421179e-04  2.66421179e-04
   2.66421179e-04  2.66421179e-04  2.66421179e-04  2.66421179e-04]
 [ 2.66421179e-04  2.66421179e-04  2.66421179e-04  2.66421179e-04
   2.66421179e-04  2.66421179e-04  2.66421179e-04  1.11704029e+01
   1.09437641e+02  2.82942685e+02  4.47124168e+02  4.78608161e+02
   4.78608161e+02  4.78608161e+02  4.35216476e+02  3.39514240e+02
   1.86346877e+02  7.44169763e+01  2.66421179e-04  2.66421179e-04
   2.66421179e-04  2.66421179e-04  2.66421179e-04  2.66421179e-04
   2.66421179e-04  2.66421179e-04  2.66421179e-04  2.66421179e-04]
 [ 2.66421179e-04  2.66421179e-04  2.66421179e-04  2.66421179e-04
   2.66421179e-04  2.66421179e-04  2.66421179e-04  2.66421179e-04
   2.66421179e-04  2.66421179e-04  2.66421179e-04  2.66421179e-04
   2.66421179e-04  2.66421179e-04  2.66421179e-04  2.66421179e-04
   2.66421179e-04  2.66421179e-04  2.66421179e-04  2.66421179e-04
   2.66421179e-04  2.66421179e-04  2.66421179e-04  2.66421179e-04
   2.66421179e-04  2.66421179e-04  2.66421179e-04  2.66421179e-04]
 [ 2.66421179e-04  2.66421179e-04  2.66421179e-04  2.66421179e-04
   2.66421179e-04  2.66421179e-04  2.66421179e-04  2.66421179e-04
   2.66421179e-04  2.66421179e-04  2.66421179e-04  2.66421179e-04
   2.66421179e-04  2.66421179e-04  2.66421179e-04  2.66421179e-04
   2.66421179e-04  2.66421179e-04  2.66421179e-04  2.66421179e-04
   2.66421179e-04  2.66421179e-04  2.66421179e-04  2.66421179e-04
   2.66421179e-04  2.66421179e-04  2.66421179e-04  2.66421179e-04]
 [ 2.66421179e-04  2.66421179e-04  2.66421179e-04  2.66421179e-04
   2.66421179e-04  2.66421179e-04  2.66421179e-04  2.66421179e-04
   2.66421179e-04  2.66421179e-04  2.66421179e-04  2.66421179e-04
   2.66421179e-04  2.66421179e-04  2.66421179e-04  2.66421179e-04
   2.66421179e-04  2.66421179e-04  2.66421179e-04  2.66421179e-04
   2.66421179e-04  2.66421179e-04  2.66421179e-04  2.66421179e-04
   2.66421179e-04  2.66421179e-04  2.66421179e-04  2.66421179e-04]]
[[5.64919971e-03 5.64919971e-03 5.64919971e-03 5.64919971e-03
  5.64919971e-03 5.64919971e-03 5.64919971e-03 5.64919971e-03
  5.64919971e-03 5.64919971e-03 5.64919971e-03 5.64919971e-03
  5.64919971e-03 5.64919971e-03 5.64919971e-03 5.64919971e-03
  5.64919971e-03 5.64919971e-03 5.64919971e-03 5.64919971e-03
  5.64919971e-03 5.64919971e-03 5.64919971e-03 5.64919971e-03
  5.64919971e-03 5.64919971e-03 5.64919971e-03 5.64919971e-03]
 [5.64919971e-03 5.64919971e-03 5.64919971e-03 5.64919971e-03
  5.64919971e-03 5.64919971e-03 5.64919971e-03 5.64919971e-03
  5.64919971e-03 5.64919971e-03 5.64919971e-03 5.64919971e-03
  5.64919971e-03 5.64919971e-03 5.64919971e-03 5.64919971e-03
  5.64919971e-03 5.64919971e-03 5.64919971e-03 5.64919971e-03
  5.64919971e-03 5.64919971e-03 5.64919971e-03 5.64919971e-03
  5.64919971e-03 5.64919971e-03 5.64919971e-03 5.64919971e-03]
 [5.64919971e-03 5.64919971e-03 5.64919971e-03 5.64919971e-03
  5.64919971e-03 5.64919971e-03 5.64919971e-03 5.64919971e-03
  5.64919971e-03 5.64919971e-03 5.64919971e-03 5.64919971e-03
  5.64919971e-03 5.64919971e-03 5.64919971e-03 5.64919971e-03
  5.64919971e-03 5.64919971e-03 5.64919971e-03 5.64919971e-03
  5.64919971e-03 5.64919971e-03 5.64919971e-03 5.64919971e-03
  5.64919971e-03 5.64919971e-03 5.64919971e-03 5.64919971e-03]
 [5.64919971e-03 5.64919971e-03 5.64919971e-03 5.64919971e-03
  5.64919971e-03 5.64919971e-03 5.64919971e-03 5.64919971e-03
  5.64919971e-03 5.64919971e-03 5.26876408e+01 4.78016182e+01
  4.93005732e+01 1.33570954e+02 2.61569132e+02 2.65830526e+02
  2.23527851e+02 1.61023107e+02 6.61003357e+01 1.08045279e+01
  5.64919971e-03 5.64919971e-03 5.64919971e-03 5.64919971e-03
  5.64919971e-03 5.64919971e-03 5.64919971e-03 5.64919971e-03]
 [5.64919971e-03 5.64919971e-03 5.64919971e-03 5.64919971e-03
  5.64919971e-03 5.64919971e-03 5.64919971e-03 5.64919971e-03
  1.20965973e+01 1.64971994e+02 3.92356883e+02 4.68739622e+02
  4.68786888e+02 5.63160697e+02 6.95695138e+02 7.12034269e+02
  6.60698562e+02 6.00859541e+02 4.93742719e+02 2.97742683e+02
  1.03857463e+02 1.48762365e+01 5.64919971e-03 5.64919971e-03
  5.64919971e-03 5.64919971e-03 5.64919971e-03 5.64919971e-03]
 [5.64919971e-03 5.64919971e-03 5.64919971e-03 5.64919971e-03
  5.64919971e-03 5.64919971e-03 5.64919971e-03 5.64919971e-03
  1.40887698e+02 4.76512420e+02 7.98104932e+02 8.81821966e+02
  8.75901773e+02 8.71824745e+02 9.46137861e+02 9.67706970e+02
  9.68134147e+02 9.57143070e+02 9.35752071e+02 7.56387767e+02
  3.60892736e+02 8.73186022e+01 8.14906656e+00 5.64919971e-03
  5.64919971e-03 5.64919971e-03 5.64919971e-03 5.64919971e-03]
 [5.64919971e-03 5.64919971e-03 5.64919971e-03 5.64919971e-03
  5.64919971e-03 5.64919971e-03 5.64919971e-03 3.71421353e+01
  3.55519526e+02 8.19321603e+02 1.07056273e+03 1.03767743e+03
  8.83352630e+02 7.70264236e+02 7.17995300e+02 6.98390151e+02
  6.97729227e+02 8.60029957e+02 1.11109125e+03 1.13448156e+03
  8.05500045e+02 2.98317005e+02 4.90126763e+01 3.01517283e+00
  5.64919971e-03 5.64919971e-03 5.64919971e-03 5.64919971e-03]
 [5.64919971e-03 5.64919971e-03 5.64919971e-03 5.64919971e-03
  5.64919971e-03 5.64919971e-03 5.64919971e-03 8.05350796e+01
  5.54967929e+02 1.01727850e+03 1.07163559e+03 7.81755069e+02
  4.92251028e+02 3.79993874e+02 3.14589847e+02 2.85277070e+02
  2.79250558e+02 4.17015895e+02 7.65321930e+02 1.11379944e+03
  1.06941807e+03 6.27431844e+02 1.59465289e+02 1.54199961e+01
  5.64919971e-03 5.64919971e-03 5.64919971e-03 5.64919971e-03]
 [5.64919971e-03 5.64919971e-03 5.64919971e-03 5.64919971e-03
  5.64919971e-03 5.64919971e-03 5.64919971e-03 1.20075031e+02
  6.52526889e+02 1.01601756e+03 8.48626541e+02 4.22401374e+02
  1.75408005e+02 5.29856568e+01 2.01590439e+01 6.10822736e+00
  1.11122977e+00 7.17484798e+01 3.03646151e+02 8.16694751e+02
  1.14199862e+03 8.80606387e+02 3.50369621e+02 4.58729073e+01
  5.64919971e-03 5.64919971e-03 5.64919971e-03 5.64919971e-03]
 [5.64919971e-03 5.64919971e-03 5.64919971e-03 5.64919971e-03
  5.64919971e-03 5.64919971e-03 5.64919971e-03 2.45634311e+02
  7.72187772e+02 9.36947018e+02 5.94247856e+02 2.19497953e+02
  5.44203068e+01 5.64919971e-03 5.64919971e-03 5.64919971e-03
  5.64919971e-03 5.64919971e-03 7.40795475e+01 4.99105701e+02
  1.03134582e+03 1.04353348e+03 5.28081398e+02 9.55904843e+01
  5.64919971e-03 5.64919971e-03 5.64919971e-03 5.64919971e-03]
 [5.64919971e-03 5.64919971e-03 5.64919971e-03 5.64919971e-03
  5.64919971e-03 5.64919971e-03 2.93693806e+01 3.95147718e+02
  8.94103953e+02 8.17940477e+02 4.07716179e+02 1.03571978e+02
  5.64919971e-03 5.64919971e-03 5.64919971e-03 5.64919971e-03
  5.64919971e-03 5.64919971e-03 5.64919971e-03 3.06923717e+02
  8.42474624e+02 1.09539522e+03 6.13864357e+02 1.44331085e+02
  5.64919971e-03 5.64919971e-03 5.64919971e-03 5.64919971e-03]
 [5.64919971e-03 5.64919971e-03 5.64919971e-03 5.64919971e-03
  5.64919971e-03 5.64919971e-03 1.34257480e+02 6.12100336e+02
  9.55539545e+02 7.17146202e+02 2.87246290e+02 5.96771814e+01
  5.64919971e-03 5.64919971e-03 5.64919971e-03 5.64919971e-03
  5.64919971e-03 5.64919971e-03 5.64919971e-03 2.18305084e+02
  7.54011032e+02 1.08194782e+03 6.41463241e+02 1.72809791e+02
  5.64919971e-03 5.64919971e-03 5.64919971e-03 5.64919971e-03]
 [5.64919971e-03 5.64919971e-03 5.64919971e-03 5.64919971e-03
  5.64919971e-03 5.64919971e-03 2.97872106e+02 7.95458828e+02
  8.74195672e+02 5.18981838e+02 1.82251145e+02 2.95014454e+01
  5.64919971e-03 5.64919971e-03 5.64919971e-03 5.64919971e-03
  5.64919971e-03 5.64919971e-03 5.64919971e-03 1.81820926e+02
  7.21483783e+02 1.04838364e+03 6.41463241e+02 1.72809791e+02
  5.64919971e-03 5.64919971e-03 5.64919971e-03 5.64919971e-03]
 [5.64919971e-03 5.64919971e-03 5.64919971e-03 5.64919971e-03
  5.64919971e-03 5.64919971e-03 4.14556163e+02 8.85124794e+02
  7.34565118e+02 3.27336443e+02 9.45098697e+01 5.64919971e-03
  5.64919971e-03 5.64919971e-03 5.64919971e-03 5.64919971e-03
  5.64919971e-03 5.64919971e-03 5.64919971e-03 1.81820926e+02
  7.21483783e+02 1.04838364e+03 6.41463241e+02 1.72809791e+02
  5.64919971e-03 5.64919971e-03 5.64919971e-03 5.64919971e-03]
 [5.64919971e-03 5.64919971e-03 5.64919971e-03 5.64919971e-03
  5.64919971e-03 9.50567972e+00 4.75671631e+02 8.95933747e+02
  6.34160581e+02 2.11363927e+02 3.05185410e+01 5.64919971e-03
  5.64919971e-03 5.64919971e-03 5.64919971e-03 5.64919971e-03
  5.64919971e-03 5.64919971e-03 5.64919971e-03 1.81820926e+02
  7.21483783e+02 1.04838364e+03 6.41463241e+02 1.72809791e+02
  5.64919971e-03 5.64919971e-03 5.64919971e-03 5.64919971e-03]
 [5.64919971e-03 5.64919971e-03 5.64919971e-03 5.64919971e-03
  5.64919971e-03 9.28707110e+01 5.83023991e+02 9.20594847e+02
  5.88104307e+02 1.61451772e+02 5.64919971e-03 5.64919971e-03
  5.64919971e-03 5.64919971e-03 5.64919971e-03 5.64919971e-03
  5.64919971e-03 5.64919971e-03 5.64919971e-03 2.49184780e+02
  7.79286964e+02 1.05873750e+03 6.38498977e+02 1.72101669e+02
  5.64919971e-03 5.64919971e-03 5.64919971e-03 5.64919971e-03]
 [5.64919971e-03 5.64919971e-03 5.64919971e-03 5.64919971e-03
  5.64919971e-03 1.64030717e+02 6.87876511e+02 9.67946124e+02
  5.95046829e+02 1.61451772e+02 5.64919971e-03 5.64919971e-03
  5.64919971e-03 5.64919971e-03 5.64919971e-03 5.64919971e-03
  5.64919971e-03 5.64919971e-03 4.40512463e+01 4.10962722e+02
  9.07830947e+02 9.63277256e+02 5.35955345e+02 1.47876708e+02
  5.64919971e-03 5.64919971e-03 5.64919971e-03 5.64919971e-03]
 [5.64919971e-03 5.64919971e-03 5.64919971e-03 5.64919971e-03
  5.64919971e-03 2.12123470e+02 7.50101005e+02 1.02943911e+03
  6.12846023e+02 1.61451772e+02 5.64919971e-03 5.64919971e-03
  5.64919971e-03 5.64919971e-03 5.64919971e-03 5.64919971e-03
  5.64919971e-03 4.40512463e+01 2.18450439e+02 6.59579009e+02
  9.95341212e+02 8.07840756e+02 3.62358785e+02 1.16428450e+02
  5.64919971e-03 5.64919971e-03 5.64919971e-03 5.64919971e-03]
 [5.64919971e-03 5.64919971e-03 5.64919971e-03 5.64919971e-03
  5.64919971e-03 1.84487014e+02 7.15159572e+02 1.01414026e+03
  6.10544624e+02 1.61451772e+02 5.64919971e-03 5.64919971e-03
  5.64919971e-03 5.64919971e-03 5.64919971e-03 5.64919971e-03
  2.59656679e+00 1.84606530e+02 5.36597168e+02 9.00638713e+02
  9.16729683e+02 5.61532576e+02 2.03630179e+02 3.86495946e+01
  5.64919971e-03 5.64919971e-03 5.64919971e-03 5.64919971e-03]
 [5.64919971e-03 5.64919971e-03 5.64919971e-03 5.64919971e-03
  5.64919971e-03 1.03549610e+02 6.07280559e+02 9.79983333e+02
  6.31778291e+02 1.78751532e+02 3.54626524e+00 5.64919971e-03
  5.64919971e-03 5.64919971e-03 3.97330509e+01 1.65367851e+02
  2.97490379e+02 5.51519320e+02 8.85385730e+02 9.31859111e+02
  6.65527591e+02 3.11740095e+02 1.08057840e+02 2.03984200e+00
  5.64919971e-03 5.64919971e-03 5.64919971e-03 5.64919971e-03]
 [5.64919971e-03 5.64919971e-03 5.64919971e-03 5.64919971e-03
  5.64919971e-03 3.64898068e+01 5.10654300e+02 9.73012939e+02
  8.37369714e+02 4.95784662e+02 3.27481094e+02 3.20718193e+02
  3.20718193e+02 3.20718193e+02 4.02628097e+02 5.76356407e+02
  7.30895736e+02 9.01854907e+02 9.98528385e+02 7.86108216e+02
  3.89453308e+02 1.52242051e+02 2.79758011e+01 5.64919971e-03
  5.64919971e-03 5.64919971e-03 5.64919971e-03 5.64919971e-03]
 [5.64919971e-03 5.64919971e-03 5.64919971e-03 5.64919971e-03
  5.64919971e-03 5.64919971e-03 3.48337696e+02 8.23670631e+02
  9.95775619e+02 8.93923969e+02 7.68862101e+02 7.55674144e+02
  7.55674144e+02 7.55674144e+02 8.22244587e+02 9.60556444e+02
  1.06910973e+03 1.05168236e+03 8.36881824e+02 4.73711807e+02
  1.87937932e+02 3.33012656e+01 5.64919971e-03 5.64919971e-03
  5.64919971e-03 5.64919971e-03 5.64919971e-03 5.64919971e-03]
 [5.64919971e-03 5.64919971e-03 5.64919971e-03 5.64919971e-03
  5.64919971e-03 5.64919971e-03 1.78893856e+02 4.87308878e+02
  9.13688552e+02 1.13036763e+03 1.16445241e+03 1.16003661e+03
  1.16003661e+03 1.16003661e+03 1.10321252e+03 1.02215947e+03
  9.00397644e+02 7.13147750e+02 4.57373850e+02 2.16501389e+02
  8.42675396e+01 5.09113132e+00 5.64919971e-03 5.64919971e-03
  5.64919971e-03 5.64919971e-03 5.64919971e-03 5.64919971e-03]
 [5.64919971e-03 5.64919971e-03 5.64919971e-03 5.64919971e-03
  5.64919971e-03 5.64919971e-03 4.47816616e+01 1.72696455e+02
  4.60791187e+02 7.33256159e+02 8.16953422e+02 8.22484577e+02
  8.22484577e+02 8.22484577e+02 7.46932727e+02 6.27344669e+02
  4.86217256e+02 3.22892151e+02 1.78146389e+02 6.10314327e+01
  5.64919971e-03 5.64919971e-03 5.64919971e-03 5.64919971e-03
  5.64919971e-03 5.64919971e-03 5.64919971e-03 5.64919971e-03]
 [5.64919971e-03 5.64919971e-03 5.64919971e-03 5.64919971e-03
  5.64919971e-03 5.64919971e-03 5.64919971e-03 1.43781963e+01
  1.28905375e+02 2.57132435e+02 3.72390140e+02 3.94766269e+02
  3.94766269e+02 3.94766269e+02 3.38934444e+02 2.62071170e+02
  1.29068588e+02 5.28946606e+01 5.64919971e-03 5.64919971e-03
  5.64919971e-03 5.64919971e-03 5.64919971e-03 5.64919971e-03
  5.64919971e-03 5.64919971e-03 5.64919971e-03 5.64919971e-03]
 [5.64919971e-03 5.64919971e-03 5.64919971e-03 5.64919971e-03
  5.64919971e-03 5.64919971e-03 5.64919971e-03 5.64919971e-03
  5.64919971e-03 5.64919971e-03 5.64919971e-03 5.64919971e-03
  5.64919971e-03 5.64919971e-03 5.64919971e-03 5.64919971e-03
  5.64919971e-03 5.64919971e-03 5.64919971e-03 5.64919971e-03
  5.64919971e-03 5.64919971e-03 5.64919971e-03 5.64919971e-03
  5.64919971e-03 5.64919971e-03 5.64919971e-03 5.64919971e-03]
 [5.64919971e-03 5.64919971e-03 5.64919971e-03 5.64919971e-03
  5.64919971e-03 5.64919971e-03 5.64919971e-03 5.64919971e-03
  5.64919971e-03 5.64919971e-03 5.64919971e-03 5.64919971e-03
  5.64919971e-03 5.64919971e-03 5.64919971e-03 5.64919971e-03
  5.64919971e-03 5.64919971e-03 5.64919971e-03 5.64919971e-03
  5.64919971e-03 5.64919971e-03 5.64919971e-03 5.64919971e-03
  5.64919971e-03 5.64919971e-03 5.64919971e-03 5.64919971e-03]
 [5.64919971e-03 5.64919971e-03 5.64919971e-03 5.64919971e-03
  5.64919971e-03 5.64919971e-03 5.64919971e-03 5.64919971e-03
  5.64919971e-03 5.64919971e-03 5.64919971e-03 5.64919971e-03
  5.64919971e-03 5.64919971e-03 5.64919971e-03 5.64919971e-03
  5.64919971e-03 5.64919971e-03 5.64919971e-03 5.64919971e-03
  5.64919971e-03 5.64919971e-03 5.64919971e-03 5.64919971e-03
  5.64919971e-03 5.64919971e-03 5.64919971e-03 5.64919971e-03]]
[[ 1.85689986e-01  1.85689986e-01  1.85689986e-01  1.85689986e-01
   1.85689986e-01  1.85689986e-01  1.85689986e-01  1.85689986e-01
   1.85689986e-01  1.85689986e-01  1.85689986e-01  1.85689986e-01
   1.85689986e-01  1.85689986e-01  1.85689986e-01  1.85689986e-01
   1.85689986e-01  1.85689986e-01  1.85689986e-01  1.85689986e-01
   1.85689986e-01  1.85689986e-01  1.85689986e-01  1.85689986e-01
   1.85689986e-01  1.85689986e-01  1.85689986e-01  1.85689986e-01]
 [ 1.85689986e-01  1.85689986e-01  1.85689986e-01  1.85689986e-01
   1.85689986e-01  1.85689986e-01  1.85689986e-01  1.85689986e-01
   1.85689986e-01  1.85689986e-01  1.85689986e-01  1.85689986e-01
   1.85689986e-01  1.85689986e-01  1.85689986e-01  1.85689986e-01
   1.85689986e-01  1.85689986e-01  1.85689986e-01  1.85689986e-01
   1.85689986e-01  1.85689986e-01  1.85689986e-01  1.85689986e-01
   1.85689986e-01  1.85689986e-01  1.85689986e-01  1.85689986e-01]
 [ 1.85689986e-01  1.85689986e-01  1.85689986e-01  1.85689986e-01
   1.85689986e-01  1.85689986e-01  1.85689986e-01  1.85689986e-01
   1.85689986e-01  1.85689986e-01  1.85689986e-01  1.85689986e-01
   1.85689986e-01  1.85689986e-01  1.85689986e-01  1.85689986e-01
   1.85689986e-01  1.85689986e-01  1.85689986e-01  1.85689986e-01
   1.85689986e-01  1.85689986e-01  1.85689986e-01  1.85689986e-01
   1.85689986e-01  1.85689986e-01  1.85689986e-01  1.85689986e-01]
 [ 1.85689986e-01  1.85689986e-01  1.85689986e-01  1.85689986e-01
   1.85689986e-01  1.85689986e-01  1.85689986e-01  1.85689986e-01
   1.85689986e-01  1.85689986e-01 -9.45649236e+00  2.66026109e+01
  -2.68170893e-01  2.87941039e-01  2.50453091e+01  7.60215130e+01
   4.89371434e+01  5.19685622e+01  3.64829732e+01  5.04819447e+00
   1.85689986e-01  1.85689986e-01  1.85689986e-01  1.85689986e-01
   1.85689986e-01  1.85689986e-01  1.85689986e-01  1.85689986e-01]
 [ 1.85689986e-01  1.85689986e-01  1.85689986e-01  1.85689986e-01
   1.85689986e-01  1.85689986e-01  1.85689986e-01  1.85689986e-01
  -2.02727002e+00 -2.19368495e+01  4.94013689e+01  1.25105362e+02
   1.32429711e+02  1.30027862e+02  2.20093142e+02  3.09210304e+02
   3.09176239e+02  2.54595592e+02  2.07325880e+02  1.49567431e+02
   5.59486924e+01  6.88159758e+00  1.85689986e-01  1.85689986e-01
   1.85689986e-01  1.85689986e-01  1.85689986e-01  1.85689986e-01]
 [ 1.85689986e-01  1.85689986e-01  1.85689986e-01  1.85689986e-01
   1.85689986e-01  1.85689986e-01  1.85689986e-01  1.85689986e-01
  -2.18657688e+01  5.89125815e+01  2.75496962e+02  4.53990744e+02
   5.26665215e+02  5.33964432e+02  6.82899162e+02  7.80026089e+02
   7.83196545e+02  6.67352627e+02  6.07565596e+02  4.74654204e+02
   3.26178975e+02  9.41137391e+01  3.85249668e+00  1.85689986e-01
   1.85689986e-01  1.85689986e-01  1.85689986e-01  1.85689986e-01]
 [ 1.85689986e-01  1.85689986e-01  1.85689986e-01  1.85689986e-01
   1.85689986e-01  1.85689986e-01  1.85689986e-01 -6.61125845e+00
   9.50898796e+00  3.11687234e+02  7.02600562e+02  9.95603962e+02
   9.80707951e+02  9.28690736e+02  8.95111342e+02  8.77317160e+02
   8.67230915e+02  8.54007186e+02  9.25701421e+02  9.33284625e+02
   7.31720390e+02  3.60332726e+02  5.12819443e+01  1.54081422e+00
   1.85689986e-01  1.85689986e-01  1.85689986e-01  1.85689986e-01]
 [ 1.85689986e-01  1.85689986e-01  1.85689986e-01  1.85689986e-01
   1.85689986e-01  1.85689986e-01  1.85689986e-01 -3.08568949e+00
   1.28497122e+02  5.68445724e+02  9.76243240e+02  1.00021348e+03
   7.90339974e+02  6.02882644e+02  5.01777699e+02  4.51059010e+02
   4.31302134e+02  4.92584914e+02  6.38548874e+02  9.05071707e+02
   9.16035419e+02  6.71166031e+02  2.20569940e+02  1.71815186e+01
   1.85689986e-01  1.85689986e-01  1.85689986e-01  1.85689986e-01]
 [ 1.85689986e-01  1.85689986e-01  1.85689986e-01  1.85689986e-01
   1.85689986e-01  1.85689986e-01  1.85689986e-01  2.18110552e+01
   2.28408577e+02  7.20771982e+02  1.01188740e+03  7.26875829e+02
   3.58396087e+02  9.31163827e+01  3.76506234e+01  1.16460934e+01
   1.31667179e+00  7.43558573e+01  2.76378981e+02  5.76248816e+02
   9.05784201e+02  8.49190020e+02  4.83309568e+02  7.75421448e+01
   1.85689986e-01  1.85689986e-01  1.85689986e-01  1.85689986e-01]
 [ 1.85689986e-01  1.85689986e-01  1.85689986e-01  1.85689986e-01
   1.85689986e-01  1.85689986e-01  1.85689986e-01  9.36390120e+00
   3.13060087e+02  7.60945401e+02  8.62102972e+02  4.48038384e+02
   1.02374289e+02  1.85689986e-01  1.85689986e-01  1.85689986e-01
   1.85689986e-01  1.85689986e-01  7.59614697e+01  2.66280346e+02
   6.97477133e+02  9.26936298e+02  6.90366564e+02  1.90540499e+02
   1.85689986e-01  1.85689986e-01  1.85689986e-01  1.85689986e-01]
 [ 1.85689986e-01  1.85689986e-01  1.85689986e-01  1.85689986e-01
   1.85689986e-01  1.85689986e-01 -5.18864149e+00  4.12019883e+01
   4.20816650e+02  7.94242587e+02  6.59994444e+02  2.22456493e+02
   1.85689986e-01  1.85689986e-01  1.85689986e-01  1.85689986e-01
   1.85689986e-01  1.85689986e-01  1.85689986e-01  1.31348141e+02
   4.68445158e+02  9.01603495e+02  7.99965029e+02  3.05145662e+02
   1.85689986e-01  1.85689986e-01  1.85689986e-01  1.85689986e-01]
 [ 1.85689986e-01  1.85689986e-01  1.85689986e-01  1.85689986e-01
   1.85689986e-01  1.85689986e-01 -1.53184924e+01  1.75888432e+02
   6.07907536e+02  8.71433281e+02  5.40948546e+02  1.36142729e+02
   1.85689986e-01  1.85689986e-01  1.85689986e-01  1.85689986e-01
   1.85689986e-01  1.85689986e-01  1.85689986e-01  8.26329337e+01
   3.62191687e+02  8.22690390e+02  8.50010317e+02  3.58627550e+02
   1.85689986e-01  1.85689986e-01  1.85689986e-01  1.85689986e-01]
 [ 1.85689986e-01  1.85689986e-01  1.85689986e-01  1.85689986e-01
   1.85689986e-01  1.85689986e-01  1.93775564e+00  3.26218119e+02
   7.45927870e+02  7.77690645e+02  3.95875631e+02  5.55776425e+01
   1.85689986e-01  1.85689986e-01  1.85689986e-01  1.85689986e-01
   1.85689986e-01  1.85689986e-01  1.85689986e-01  4.53105307e+01
   3.03209730e+02  7.59658163e+02  8.50010317e+02  3.58627550e+02
   1.85689986e-01  1.85689986e-01  1.85689986e-01  1.85689986e-01]
 [ 1.85689986e-01  1.85689986e-01  1.85689986e-01  1.85689986e-01
   1.85689986e-01  1.85689986e-01  6.53833962e+01  4.89109060e+02
   8.50470386e+02  6.05246868e+02  2.02381178e+02  1.85689986e-01
   1.85689986e-01  1.85689986e-01  1.85689986e-01  1.85689986e-01
   1.85689986e-01  1.85689986e-01  1.85689986e-01  4.53105307e+01
   3.03209730e+02  7.59658163e+02  8.50010317e+02  3.58627550e+02
   1.85689986e-01  1.85689986e-01  1.85689986e-01  1.85689986e-01]
 [ 1.85689986e-01  1.85689986e-01  1.85689986e-01  1.85689986e-01
   1.85689986e-01 -1.55306429e+00  1.19205470e+02  5.57159213e+02
   8.25009413e+02  4.26889305e+02  5.74877110e+01  1.85689986e-01
   1.85689986e-01  1.85689986e-01  1.85689986e-01  1.85689986e-01
   1.85689986e-01  1.85689986e-01  1.85689986e-01  4.53105307e+01
   3.03209730e+02  7.59658163e+02  8.50010317e+02  3.58627550e+02
   1.85689986e-01  1.85689986e-01  1.85689986e-01  1.85689986e-01]
 [ 1.85689986e-01  1.85689986e-01  1.85689986e-01  1.85689986e-01
   1.85689986e-01 -1.38774702e+01  1.59808739e+02  5.67275487e+02
   7.61363680e+02  3.35067993e+02  1.85689986e-01  1.85689986e-01
   1.85689986e-01  1.85689986e-01  1.85689986e-01  1.85689986e-01
   1.85689986e-01  1.85689986e-01  1.85689986e-01  3.29811831e+01
   3.37595106e+02  7.66508066e+02  8.48246965e+02  3.58308699e+02
   1.85689986e-01  1.85689986e-01  1.85689986e-01  1.85689986e-01]
 [ 1.85689986e-01  1.85689986e-01  1.85689986e-01  1.85689986e-01
   1.85689986e-01  3.63362795e+00  2.33431131e+02  6.61330690e+02
   7.88821611e+02  3.35067993e+02  1.85689986e-01  1.85689986e-01
   1.85689986e-01  1.85689986e-01  1.85689986e-01  1.85689986e-01
   1.85689986e-01  1.85689986e-01 -7.87580675e+00  5.35734101e+01
   4.25749750e+02  8.43778488e+02  7.86580523e+02  3.45034815e+02
   1.85689986e-01  1.85689986e-01  1.85689986e-01  1.85689986e-01]
 [ 1.85689986e-01  1.85689986e-01  1.85689986e-01  1.85689986e-01
   1.85689986e-01  5.28313380e+01  3.30972250e+02  7.75696925e+02
   8.22247789e+02  3.35067993e+02  1.85689986e-01  1.85689986e-01
   1.85689986e-01  1.85689986e-01  1.85689986e-01  1.85689986e-01
   1.85689986e-01 -7.87580675e+00  3.20580584e+00  1.92411844e+02
   6.03262978e+02  9.34361701e+02  6.60099846e+02  2.48712490e+02
   1.85689986e-01  1.85689986e-01  1.85689986e-01  1.85689986e-01]
 [ 1.85689986e-01  1.85689986e-01  1.85689986e-01  1.85689986e-01
   1.85689986e-01  5.78895321e+01  3.18920322e+02  7.67415207e+02
   8.21211517e+02  3.35067993e+02  1.85689986e-01  1.85689986e-01
   1.85689986e-01  1.85689986e-01  1.85689986e-01  1.85689986e-01
  -2.88515717e-01 -1.82705613e+01  1.17223991e+02  4.42776532e+02
   8.13810356e+02  8.30822726e+02  4.43142914e+02  7.44055305e+01
   1.85689986e-01  1.85689986e-01  1.85689986e-01  1.85689986e-01]
 [ 1.85689986e-01  1.85689986e-01  1.85689986e-01  1.85689986e-01
   1.85689986e-01  6.41691571e+01  2.71652683e+02  7.18869104e+02
   8.13644610e+02  3.45000740e+02  1.77995378e+00  1.85689986e-01
   1.85689986e-01  1.85689986e-01 -7.08546394e+00 -3.56217951e+00
   3.93193725e+01  1.13660564e+02  3.70207088e+02  7.64659875e+02
   8.62014881e+02  6.07096209e+02  2.25636254e+02  4.00582463e+00
   1.85689986e-01  1.85689986e-01  1.85689986e-01  1.85689986e-01]
 [ 1.85689986e-01  1.85689986e-01  1.85689986e-01  1.85689986e-01
   1.85689986e-01  3.75080891e+01  1.89396805e+02  6.11742872e+02
   7.84395814e+02  4.22974619e+02  8.03072739e+01  6.54325810e+01
   6.54325810e+01  6.54325810e+01  6.27086044e+01  1.27540405e+02
   2.47042065e+02  4.55010967e+02  7.23275219e+02  9.38392264e+02
   6.99041659e+02  3.07756061e+02  5.27125416e+01  1.85689986e-01
   1.85689986e-01  1.85689986e-01  1.85689986e-01  1.85689986e-01]
 [ 1.85689986e-01  1.85689986e-01  1.85689986e-01  1.85689986e-01
   1.85689986e-01  1.85689986e-01  1.36169713e+02  4.86933329e+02
   7.92793707e+02  6.29918661e+02  3.83661062e+02  3.49006502e+02
   3.49006502e+02  3.49006502e+02  3.82156881e+02  5.21658808e+02
   7.38523512e+02  9.33489121e+02  9.71895918e+02  7.69066277e+02
   4.06650826e+02  6.68336001e+01  1.85689986e-01  1.85689986e-01
   1.85689986e-01  1.85689986e-01  1.85689986e-01  1.85689986e-01]
 [ 1.85689986e-01  1.85689986e-01  1.85689986e-01  1.85689986e-01
   1.85689986e-01  1.85689986e-01  1.31712772e+02  4.10090817e+02
   7.43588883e+02  9.11906785e+02  9.08527090e+02  8.89113649e+02
   8.89113649e+02  8.89113649e+02  9.36180582e+02  9.59037685e+02
   1.01169815e+03  9.41016402e+02  7.69573072e+02  4.46499825e+02
   1.58107595e+02  9.73602682e+00  1.85689986e-01  1.85689986e-01
   1.85689986e-01  1.85689986e-01  1.85689986e-01  1.85689986e-01]
 [ 1.85689986e-01  1.85689986e-01  1.85689986e-01  1.85689986e-01
   1.85689986e-01  1.85689986e-01  4.59904538e+01  1.91872498e+02
   4.48494898e+02  7.52599073e+02  9.47177660e+02  9.75693132e+02
   9.75693132e+02  9.75693132e+02  9.62585539e+02  8.89593597e+02
   7.66896437e+02  5.85231123e+02  3.30903479e+02  1.14789732e+02
   1.85689986e-01  1.85689986e-01  1.85689986e-01  1.85689986e-01
   1.85689986e-01  1.85689986e-01  1.85689986e-01  1.85689986e-01]
 [ 1.85689986e-01  1.85689986e-01  1.85689986e-01  1.85689986e-01
   1.85689986e-01  1.85689986e-01  1.85689986e-01  1.48884535e+01
   1.42174095e+02  3.56321116e+02  5.71368597e+02  6.13390081e+02
   6.13390081e+02  6.13390081e+02  5.56275503e+02  4.38306192e+02
   2.39247099e+02  9.95091916e+01  1.85689986e-01  1.85689986e-01
   1.85689986e-01  1.85689986e-01  1.85689986e-01  1.85689986e-01
   1.85689986e-01  1.85689986e-01  1.85689986e-01  1.85689986e-01]
 [ 1.85689986e-01  1.85689986e-01  1.85689986e-01  1.85689986e-01
   1.85689986e-01  1.85689986e-01  1.85689986e-01  1.85689986e-01
   1.85689986e-01  1.85689986e-01  1.85689986e-01  1.85689986e-01
   1.85689986e-01  1.85689986e-01  1.85689986e-01  1.85689986e-01
   1.85689986e-01  1.85689986e-01  1.85689986e-01  1.85689986e-01
   1.85689986e-01  1.85689986e-01  1.85689986e-01  1.85689986e-01
   1.85689986e-01  1.85689986e-01  1.85689986e-01  1.85689986e-01]
 [ 1.85689986e-01  1.85689986e-01  1.85689986e-01  1.85689986e-01
   1.85689986e-01  1.85689986e-01  1.85689986e-01  1.85689986e-01
   1.85689986e-01  1.85689986e-01  1.85689986e-01  1.85689986e-01
   1.85689986e-01  1.85689986e-01  1.85689986e-01  1.85689986e-01
   1.85689986e-01  1.85689986e-01  1.85689986e-01  1.85689986e-01
   1.85689986e-01  1.85689986e-01  1.85689986e-01  1.85689986e-01
   1.85689986e-01  1.85689986e-01  1.85689986e-01  1.85689986e-01]
 [ 1.85689986e-01  1.85689986e-01  1.85689986e-01  1.85689986e-01
   1.85689986e-01  1.85689986e-01  1.85689986e-01  1.85689986e-01
   1.85689986e-01  1.85689986e-01  1.85689986e-01  1.85689986e-01
   1.85689986e-01  1.85689986e-01  1.85689986e-01  1.85689986e-01
   1.85689986e-01  1.85689986e-01  1.85689986e-01  1.85689986e-01
   1.85689986e-01  1.85689986e-01  1.85689986e-01  1.85689986e-01
   1.85689986e-01  1.85689986e-01  1.85689986e-01  1.85689986e-01]]
[[ 3.89690638e-01  3.89690638e-01  3.89690638e-01  3.89690638e-01
   3.89690638e-01  3.89690638e-01  3.89690638e-01  3.89690638e-01
   3.89690638e-01  3.89690638e-01  3.89690638e-01  3.89690638e-01
   3.89690638e-01  3.89690638e-01  3.89690638e-01  3.89690638e-01
   3.89690638e-01  3.89690638e-01  3.89690638e-01  3.89690638e-01
   3.89690638e-01  3.89690638e-01  3.89690638e-01  3.89690638e-01
   3.89690638e-01  3.89690638e-01  3.89690638e-01  3.89690638e-01]
 [ 3.89690638e-01  3.89690638e-01  3.89690638e-01  3.89690638e-01
   3.89690638e-01  3.89690638e-01  3.89690638e-01  3.89690638e-01
   3.89690638e-01  3.89690638e-01  3.89690638e-01  3.89690638e-01
   3.89690638e-01  3.89690638e-01  3.89690638e-01  3.89690638e-01
   3.89690638e-01  3.89690638e-01  3.89690638e-01  3.89690638e-01
   3.89690638e-01  3.89690638e-01  3.89690638e-01  3.89690638e-01
   3.89690638e-01  3.89690638e-01  3.89690638e-01  3.89690638e-01]
 [ 3.89690638e-01  3.89690638e-01  3.89690638e-01  3.89690638e-01
   3.89690638e-01  3.89690638e-01  3.89690638e-01  3.89690638e-01
   3.89690638e-01  3.89690638e-01  3.89690638e-01  3.89690638e-01
   3.89690638e-01  3.89690638e-01  3.89690638e-01  3.89690638e-01
   3.89690638e-01  3.89690638e-01  3.89690638e-01  3.89690638e-01
   3.89690638e-01  3.89690638e-01  3.89690638e-01  3.89690638e-01
   3.89690638e-01  3.89690638e-01  3.89690638e-01  3.89690638e-01]
 [ 3.89690638e-01  3.89690638e-01  3.89690638e-01  3.89690638e-01
   3.89690638e-01  3.89690638e-01  3.89690638e-01  3.89690638e-01
   3.89690638e-01  3.89690638e-01 -3.00428464e+01 -8.95408320e+00
   6.85992157e+00 -6.25150337e+01 -9.19288166e+01 -2.95116689e+01
   1.43286545e+01  8.57335591e+00  4.63384211e+01  2.81993945e+01
   3.89690638e-01  3.89690638e-01  3.89690638e-01  3.89690638e-01
   3.89690638e-01  3.89690638e-01  3.89690638e-01  3.89690638e-01]
 [ 3.89690638e-01  3.89690638e-01  3.89690638e-01  3.89690638e-01
   3.89690638e-01  3.89690638e-01  3.89690638e-01  3.89690638e-01
  -6.59482646e+00 -9.07133213e+01 -1.52354787e+02 -1.01105962e+02
  -8.39115191e+01 -1.01193815e+02 -1.79935161e+02 -2.40198824e+02
  -2.40886934e+02 -1.81972937e+02 -1.30966593e+02  6.22406030e+00
   9.67196095e+01  3.86850207e+01  3.89690638e-01  3.89690638e-01
   3.89690638e-01  3.89690638e-01  3.89690638e-01  3.89690638e-01]
 [ 3.89690638e-01  3.89690638e-01  3.89690638e-01  3.89690638e-01
   3.89690638e-01  3.89690638e-01  3.89690638e-01  3.89690638e-01
  -7.81268802e+01 -1.94069571e+02 -2.47419928e+02 -3.21825510e+02
  -3.56686275e+02 -3.16045483e+02 -3.33279509e+02 -3.65690569e+02
  -4.03743404e+02 -4.20118820e+02 -4.31635449e+02 -3.36945246e+02
  -1.13346269e+02  5.79055917e+01  2.13609431e+01  3.89690638e-01
   3.89690638e-01  3.89690638e-01  3.89690638e-01  3.89690638e-01]
 [ 3.89690638e-01  3.89690638e-01  3.89690638e-01  3.89690638e-01
   3.89690638e-01  3.89690638e-01  3.89690638e-01 -2.10627534e+01
  -1.55913417e+02 -2.64894255e+02 -2.86620301e+02 -2.91866366e+02
  -2.76589063e+02 -3.06740052e+02 -2.78221437e+02 -2.68276844e+02
  -2.67460565e+02 -3.49011164e+02 -4.69119277e+02 -4.74274875e+02
  -3.45099290e+02 -9.70104883e+01  5.16427510e+01  8.13993621e+00
   3.89690638e-01  3.89690638e-01  3.89690638e-01  3.89690638e-01]
 [ 3.89690638e-01  3.89690638e-01  3.89690638e-01  3.89690638e-01
   3.89690638e-01  3.89690638e-01  3.89690638e-01 -3.73264873e+01
  -2.01659634e+02 -3.10255229e+02 -2.89622864e+02 -2.06617861e+02
  -1.50035832e+02 -9.19794049e+01 -5.18298080e+01 -3.19038761e+01
  -2.14966953e+01 -4.67474145e+01 -2.03466589e+02 -4.38816091e+02
  -4.58897887e+02 -2.60120310e+02 -1.18562686e+01  2.51838362e+01
   3.89690638e-01  3.89690638e-01  3.89690638e-01  3.89690638e-01]
 [ 3.89690638e-01  3.89690638e-01  3.89690638e-01  3.89690638e-01
   3.89690638e-01  3.89690638e-01  3.89690638e-01 -4.13004682e+01
  -2.04161385e+02 -2.79914776e+02 -2.33208900e+02 -1.70521024e+02
  -1.16174317e+02 -1.44964921e+01 -6.45392394e+00 -3.13567328e+00
   5.04781336e-01  7.98586774e+00 -1.42392612e+00 -2.33468093e+02
  -4.57216024e+02 -3.57217657e+02 -1.34068014e+02  2.55089505e+01
   3.89690638e-01  3.89690638e-01  3.89690638e-01  3.89690638e-01]
 [ 3.89690638e-01  3.89690638e-01  3.89690638e-01  3.89690638e-01
   3.89690638e-01  3.89690638e-01  3.89690638e-01 -1.07499284e+02
  -2.22228141e+02 -1.76708284e+02 -1.62699713e+02 -1.02001621e+02
  -3.10448034e+01  3.89690638e-01  3.89690638e-01  3.89690638e-01
   3.89690638e-01  3.89690638e-01  8.10076737e+00 -9.48780620e+01
  -3.19485944e+02 -4.06002328e+02 -2.02967050e+02 -1.13321722e+01
   3.89690638e-01  3.89690638e-01  3.89690638e-01  3.89690638e-01]
 [ 3.89690638e-01  3.89690638e-01  3.89690638e-01  3.89690638e-01
   3.89690638e-01  3.89690638e-01 -1.65727079e+01 -1.54230625e+02
  -2.73001462e+02 -2.07912277e+02 -1.50948321e+02 -7.65271013e+01
   3.89690638e-01  3.89690638e-01  3.89690638e-01  3.89690638e-01
   3.89690638e-01  3.89690638e-01  3.89690638e-01 -6.29095724e+01
  -2.36369945e+02 -3.96336509e+02 -2.23966490e+02 -6.63806493e+01
   3.89690638e-01  3.89690638e-01  3.89690638e-01  3.89690638e-01]
 [ 3.89690638e-01  3.89690638e-01  3.89690638e-01  3.89690638e-01
   3.89690638e-01  3.89690638e-01 -7.02024910e+01 -1.99886175e+02
  -2.15938855e+02 -1.92364420e+02 -1.48066431e+02 -6.19338377e+01
   3.89690638e-01  3.89690638e-01  3.89690638e-01  3.89690638e-01
   3.89690638e-01  3.89690638e-01  3.89690638e-01 -5.19870307e+01
  -2.08666908e+02 -3.35768761e+02 -2.17516062e+02 -8.28323476e+01
   3.89690638e-01  3.89690638e-01  3.89690638e-01  3.89690638e-01]
 [ 3.89690638e-01  3.89690638e-01  3.89690638e-01  3.89690638e-01
   3.89690638e-01  3.89690638e-01 -1.33069232e+02 -2.56058476e+02
  -1.80251570e+02 -1.65517922e+02 -1.30323184e+02 -1.66495683e+01
   3.89690638e-01  3.89690638e-01  3.89690638e-01  3.89690638e-01
   3.89690638e-01  3.89690638e-01  3.89690638e-01 -5.57850239e+01
  -2.16269197e+02 -3.16379262e+02 -2.17516062e+02 -8.28323476e+01
   3.89690638e-01  3.89690638e-01  3.89690638e-01  3.89690638e-01]
 [ 3.89690638e-01  3.89690638e-01  3.89690638e-01  3.89690638e-01
   3.89690638e-01  3.89690638e-01 -1.47786075e+02 -2.67979759e+02
  -1.87449899e+02 -1.28555965e+02 -8.30165594e+01  3.89690638e-01
   3.89690638e-01  3.89690638e-01  3.89690638e-01  3.89690638e-01
   3.89690638e-01  3.89690638e-01  3.89690638e-01 -5.57850239e+01
  -2.16269197e+02 -3.16379262e+02 -2.17516062e+02 -8.28323476e+01
   3.89690638e-01  3.89690638e-01  3.89690638e-01  3.89690638e-01]
 [ 3.89690638e-01  3.89690638e-01  3.89690638e-01  3.89690638e-01
   3.89690638e-01 -5.09814429e+00 -1.46631602e+02 -2.45238975e+02
  -1.83748317e+02 -8.22023942e+01 -1.72371290e+01  3.89690638e-01
   3.89690638e-01  3.89690638e-01  3.89690638e-01  3.89690638e-01
   3.89690638e-01  3.89690638e-01  3.89690638e-01 -5.57850239e+01
  -2.16269197e+02 -3.16379262e+02 -2.17516062e+02 -8.28323476e+01
   3.89690638e-01  3.89690638e-01  3.89690638e-01  3.89690638e-01]
 [ 3.89690638e-01  3.89690638e-01  3.89690638e-01  3.89690638e-01
   3.89690638e-01 -5.10033031e+01 -1.82401851e+02 -2.21179607e+02
  -1.78616256e+02 -7.73623502e+01  3.89690638e-01  3.89690638e-01
   3.89690638e-01  3.89690638e-01  3.89690638e-01  3.89690638e-01
   3.89690638e-01  3.89690638e-01  3.89690638e-01 -9.46987622e+01
  -2.26303183e+02 -2.78823739e+02 -2.17001499e+02 -8.46559331e+01
   3.89690638e-01  3.89690638e-01  3.89690638e-01  3.89690638e-01]
 [ 3.89690638e-01  3.89690638e-01  3.89690638e-01  3.89690638e-01
   3.89690638e-01 -7.01539215e+01 -2.36104030e+02 -2.90959433e+02
  -1.99434211e+02 -7.73623502e+01  3.89690638e-01  3.89690638e-01
   3.89690638e-01  3.89690638e-01  3.89690638e-01  3.89690638e-01
   3.89690638e-01  3.89690638e-01 -2.50539072e+01 -1.56912428e+02
  -2.55234277e+02 -2.19534936e+02 -1.97589004e+02 -1.43534786e+02
   3.89690638e-01  3.89690638e-01  3.89690638e-01  3.89690638e-01]
 [ 3.89690638e-01  3.89690638e-01  3.89690638e-01  3.89690638e-01
   3.89690638e-01 -6.51474760e+01 -2.24068742e+02 -3.12486805e+02
  -2.09716522e+02 -7.73623502e+01  3.89690638e-01  3.89690638e-01
   3.89690638e-01  3.89690638e-01  3.89690638e-01  3.89690638e-01
   3.89690638e-01 -2.50539072e+01 -1.00085806e+02 -1.96829190e+02
  -2.36413178e+02 -2.03918143e+02 -1.42964325e+02 -1.00649084e+02
   3.89690638e-01  3.89690638e-01  3.89690638e-01  3.89690638e-01]
 [ 3.89690638e-01  3.89690638e-01  3.89690638e-01  3.89690638e-01
   3.89690638e-01 -4.91828687e+01 -2.13466608e+02 -3.25403173e+02
  -2.15643181e+02 -7.73623502e+01  3.89690638e-01  3.89690638e-01
   3.89690638e-01  3.89690638e-01  3.89690638e-01  3.89690638e-01
  -1.10699153e+00 -9.49088324e+01 -2.08757002e+02 -2.25485542e+02
  -1.87053201e+02 -1.86884795e+02 -1.50493746e+02 -2.38551540e+01
   3.89690638e-01  3.89690638e-01  3.89690638e-01  3.89690638e-01]
 [ 3.89690638e-01  3.89690638e-01  3.89690638e-01  3.89690638e-01
   3.89690638e-01 -8.97912669e+00 -1.71153024e+02 -3.34245479e+02
  -2.32544463e+02 -7.35526140e+01  9.50762677e+00  3.89690638e-01
   3.89690638e-01  3.89690638e-01 -2.25594366e+01 -8.13596900e+01
  -9.96512620e+01 -1.19690145e+02 -2.01751558e+02 -2.11308643e+02
  -1.76247573e+02 -1.78211040e+02 -8.68423917e+01 -7.85430670e-01
   3.89690638e-01  3.89690638e-01  3.89690638e-01  3.89690638e-01]
 [ 3.89690638e-01  3.89690638e-01  3.89690638e-01  3.89690638e-01
   3.89690638e-01  4.18768358e+00 -1.33566069e+02 -2.98814665e+02
  -3.23028814e+02 -1.86944432e+02 -3.06202552e+01 -3.05051706e+01
  -3.05051706e+01 -3.05051706e+01 -6.84046447e+01 -1.34071207e+02
  -2.05695987e+02 -2.74880557e+02 -2.66289953e+02 -2.17562034e+02
  -1.49753929e+02 -9.02325408e+01 -1.57682264e+01  3.89690638e-01
   3.89690638e-01  3.89690638e-01  3.89690638e-01  3.89690638e-01]
 [ 3.89690638e-01  3.89690638e-01  3.89690638e-01  3.89690638e-01
   3.89690638e-01  3.89690638e-01 -7.63691747e+01 -2.49497832e+02
  -4.55739891e+02 -4.18073045e+02 -3.00648975e+02 -2.81505447e+02
  -2.81505447e+02 -2.81505447e+02 -2.91365247e+02 -3.13190701e+02
  -3.43115328e+02 -3.13182513e+02 -2.26945508e+02 -2.03086759e+02
  -1.58651857e+02 -2.36467717e+01  3.89690638e-01  3.89690638e-01
   3.89690638e-01  3.89690638e-01  3.89690638e-01  3.89690638e-01]
 [ 3.89690638e-01  3.89690638e-01  3.89690638e-01  3.89690638e-01
   3.89690638e-01  3.89690638e-01 -5.71483397e+00 -6.39678476e+01
  -3.43582854e+02 -4.91432476e+02 -4.28371793e+02 -4.01261609e+02
  -4.01261609e+02 -4.01261609e+02 -3.47708317e+02 -3.02386380e+02
  -2.99032472e+02 -2.77910695e+02 -2.32900805e+02 -1.16150035e+02
  -4.42881782e+01 -2.54811263e+00  3.89690638e-01  3.89690638e-01
   3.89690638e-01  3.89690638e-01  3.89690638e-01  3.89690638e-01]
 [ 3.89690638e-01  3.89690638e-01  3.89690638e-01  3.89690638e-01
   3.89690638e-01  3.89690638e-01  5.05086398e+00  1.56042259e+01
  -4.70654247e+01 -2.02261764e+02 -3.42298608e+02 -3.66623132e+02
  -3.66623132e+02 -3.66623132e+02 -3.43655942e+02 -2.77719334e+02
  -1.72861172e+02 -9.72782815e+01 -5.45325620e+01 -3.48639486e+01
   3.89690638e-01  3.89690638e-01  3.89690638e-01  3.89690638e-01
   3.89690638e-01  3.89690638e-01  3.89690638e-01  3.89690638e-01]
 [ 3.89690638e-01  3.89690638e-01  3.89690638e-01  3.89690638e-01
   3.89690638e-01  3.89690638e-01  3.89690638e-01  1.88586974e+00
   1.54690554e+01  3.15570271e+01 -1.74303634e+01 -3.03566940e+01
  -3.03566940e+01 -3.03566940e+01 -3.61687744e+01 -5.06223028e+01
  -3.25793340e+01 -3.01634634e+01  3.89690638e-01  3.89690638e-01
   3.89690638e-01  3.89690638e-01  3.89690638e-01  3.89690638e-01
   3.89690638e-01  3.89690638e-01  3.89690638e-01  3.89690638e-01]
 [ 3.89690638e-01  3.89690638e-01  3.89690638e-01  3.89690638e-01
   3.89690638e-01  3.89690638e-01  3.89690638e-01  3.89690638e-01
   3.89690638e-01  3.89690638e-01  3.89690638e-01  3.89690638e-01
   3.89690638e-01  3.89690638e-01  3.89690638e-01  3.89690638e-01
   3.89690638e-01  3.89690638e-01  3.89690638e-01  3.89690638e-01
   3.89690638e-01  3.89690638e-01  3.89690638e-01  3.89690638e-01
   3.89690638e-01  3.89690638e-01  3.89690638e-01  3.89690638e-01]
 [ 3.89690638e-01  3.89690638e-01  3.89690638e-01  3.89690638e-01
   3.89690638e-01  3.89690638e-01  3.89690638e-01  3.89690638e-01
   3.89690638e-01  3.89690638e-01  3.89690638e-01  3.89690638e-01
   3.89690638e-01  3.89690638e-01  3.89690638e-01  3.89690638e-01
   3.89690638e-01  3.89690638e-01  3.89690638e-01  3.89690638e-01
   3.89690638e-01  3.89690638e-01  3.89690638e-01  3.89690638e-01
   3.89690638e-01  3.89690638e-01  3.89690638e-01  3.89690638e-01]
 [ 3.89690638e-01  3.89690638e-01  3.89690638e-01  3.89690638e-01
   3.89690638e-01  3.89690638e-01  3.89690638e-01  3.89690638e-01
   3.89690638e-01  3.89690638e-01  3.89690638e-01  3.89690638e-01
   3.89690638e-01  3.89690638e-01  3.89690638e-01  3.89690638e-01
   3.89690638e-01  3.89690638e-01  3.89690638e-01  3.89690638e-01
   3.89690638e-01  3.89690638e-01  3.89690638e-01  3.89690638e-01
   3.89690638e-01  3.89690638e-01  3.89690638e-01  3.89690638e-01]]
