tensor([[ 2.6642e-04,  2.6642e-04,  2.6642e-04,  2.6642e-04,  2.6642e-04,
          2.6642e-04,  2.6642e-04,  2.6642e-04,  2.6642e-04,  2.6642e-04,
          2.6642e-04,  2.6642e-04,  2.6642e-04,  2.6642e-04,  2.6642e-04,
          2.6642e-04,  2.6642e-04,  2.6642e-04,  2.6642e-04,  2.6642e-04,
          2.6642e-04,  2.6642e-04,  2.6642e-04,  2.6642e-04,  2.6642e-04,
          2.6642e-04,  2.6642e-04,  2.6642e-04],
        [ 2.6642e-04,  2.6642e-04,  2.6642e-04,  2.6642e-04,  2.6642e-04,
          2.6642e-04,  2.6642e-04,  2.6642e-04,  2.6642e-04,  2.6642e-04,
          2.6642e-04,  2.6642e-04,  2.6642e-04,  2.6642e-04,  2.6642e-04,
          2.6642e-04,  2.6642e-04,  2.6642e-04,  2.6642e-04,  2.6642e-04,
          2.6642e-04,  2.6642e-04,  2.6642e-04,  2.6642e-04,  2.6642e-04,
          2.6642e-04,  2.6642e-04,  2.6642e-04],
        [ 2.6642e-04,  2.6642e-04,  2.6642e-04,  2.6642e-04,  2.6642e-04,
          2.6642e-04,  2.6642e-04,  2.6642e-04,  2.6642e-04,  2.6642e-04,
          2.6642e-04,  2.6642e-04,  2.6642e-04,  2.6642e-04,  2.6642e-04,
          2.6642e-04,  2.6642e-04,  2.6642e-04,  2.6642e-04,  2.6642e-04,
          2.6642e-04,  2.6642e-04,  2.6642e-04,  2.6642e-04,  2.6642e-04,
          2.6642e-04,  2.6642e-04,  2.6642e-04],
        [ 2.6642e-04,  2.6642e-04,  2.6642e-04,  2.6642e-04,  2.6642e-04,
          2.6642e-04,  2.6642e-04,  2.6642e-04,  2.6642e-04,  2.6642e-04,
          2.4419e+01, -9.1366e+00,  1.4290e+01,  4.0019e+01,  5.5874e+01,
          1.0631e+01,  2.0865e+01,  5.2458e-01, -1.4234e+01, -2.0139e+00,
          2.6642e-04,  2.6642e-04,  2.6642e-04,  2.6642e-04,  2.6642e-04,
          2.6642e-04,  2.6642e-04,  2.6642e-04],
        [ 2.6642e-04,  2.6642e-04,  2.6642e-04,  2.6642e-04,  2.6642e-04,
          2.6642e-04,  2.6642e-04,  2.6642e-04,  5.6045e+00,  6.9281e+01,
          1.2369e+02,  9.3336e+01,  1.3498e+02,  1.9419e+02,  3.4445e+02,
          3.8453e+02,  3.8661e+02,  2.7470e+02,  1.7514e+02,  3.0921e+01,
         -2.1995e+01, -2.7734e+00,  2.6642e-04,  2.6642e-04,  2.6642e-04,
          2.6642e-04,  2.6642e-04,  2.6642e-04],
        [ 2.6642e-04,  2.6642e-04,  2.6642e-04,  2.6642e-04,  2.6642e-04,
          2.6642e-04,  2.6642e-04,  2.6642e-04,  7.3393e+01,  2.5162e+02,
          4.4452e+02,  6.2234e+02,  6.7151e+02,  6.9874e+02,  8.2735e+02,
          9.1691e+02,  9.1640e+02,  8.5921e+02,  7.6260e+02,  5.1562e+02,
          2.0329e+02,  4.6505e+01, -1.5186e+00,  2.6642e-04,  2.6642e-04,
          2.6642e-04,  2.6642e-04,  2.6642e-04],
        [ 2.6642e-04,  2.6642e-04,  2.6642e-04,  2.6642e-04,  2.6642e-04,
          2.6642e-04,  2.6642e-04,  1.7213e+01,  2.3245e+02,  4.9032e+02,
          8.1528e+02,  9.9387e+02,  1.0131e+03,  9.7259e+02,  9.2654e+02,
          9.1213e+02,  9.0480e+02,  1.0209e+03,  1.0924e+03,  1.0326e+03,
          6.5070e+02,  2.4061e+02,  2.5501e+01, -5.6107e-01,  2.6642e-04,
          2.6642e-04,  2.6642e-04,  2.6642e-04],
        [ 2.6642e-04,  2.6642e-04,  2.6642e-04,  2.6642e-04,  2.6642e-04,
          2.6642e-04,  2.6642e-04,  6.2184e+01,  4.0507e+02,  7.1155e+02,
          9.6088e+02,  8.6081e+02,  6.9652e+02,  5.0018e+02,  4.0011e+02,
          3.5431e+02,  3.3811e+02,  4.8934e+02,  8.0516e+02,  1.0609e+03,
          9.6322e+02,  5.1332e+02,  1.5217e+02,  1.0124e+01,  2.6642e-04,
          2.6642e-04,  2.6642e-04,  2.6642e-04],
        [ 2.6642e-04,  2.6642e-04,  2.6642e-04,  2.6642e-04,  2.6642e-04,
          2.6642e-04,  2.6642e-04,  9.5483e+01,  4.9860e+02,  7.8841e+02,
          8.8554e+02,  6.3493e+02,  3.0035e+02,  7.1646e+01,  2.8905e+01,
          8.5868e+00,  8.5951e-01,  5.6470e+01,  3.2823e+02,  8.0268e+02,
          1.0199e+03,  7.6601e+02,  3.4313e+02,  6.2568e+01,  2.6642e-04,
          2.6642e-04,  2.6642e-04,  2.6642e-04],
        [ 2.6642e-04,  2.6642e-04,  2.6642e-04,  2.6642e-04,  2.6642e-04,
          2.6642e-04,  2.6642e-04,  1.5998e+02,  4.9916e+02,  7.0232e+02,
          6.8986e+02,  3.7382e+02,  7.6564e+01,  2.6642e-04,  2.6642e-04,
          2.6642e-04,  2.6642e-04,  2.6642e-04,  5.7569e+01,  4.7088e+02,
          8.5862e+02,  9.2632e+02,  4.9297e+02,  1.6300e+02,  2.6642e-04,
          2.6642e-04,  2.6642e-04,  2.6642e-04],
        [ 2.6642e-04,  2.6642e-04,  2.6642e-04,  2.6642e-04,  2.6642e-04,
          2.6642e-04,  1.3610e+01,  2.8878e+02,  5.8627e+02,  6.9641e+02,
          5.4255e+02,  1.8748e+02,  2.6642e-04,  2.6642e-04,  2.6642e-04,
          2.6642e-04,  2.6642e-04,  2.6642e-04,  2.6642e-04,  2.6729e+02,
          7.0183e+02,  9.4215e+02,  5.9353e+02,  2.6318e+02,  2.6642e-04,
          2.6642e-04,  2.6642e-04,  2.6642e-04],
        [ 2.6642e-04,  2.6642e-04,  2.6642e-04,  2.6642e-04,  2.6642e-04,
          2.6642e-04,  8.1882e+01,  3.9139e+02,  6.7695e+02,  7.2065e+02,
          4.7075e+02,  1.1669e+02,  2.6642e-04,  2.6642e-04,  2.6642e-04,
          2.6642e-04,  2.6642e-04,  2.6642e-04,  2.6642e-04,  1.7575e+02,
          6.0227e+02,  8.6649e+02,  6.3492e+02,  3.0325e+02,  2.6642e-04,
          2.6642e-04,  2.6642e-04,  2.6642e-04],
        [ 2.6642e-04,  2.6642e-04,  2.6642e-04,  2.6642e-04,  2.6642e-04,
          2.6642e-04,  2.1680e+02,  5.0385e+02,  6.9881e+02,  6.5119e+02,
          3.3864e+02,  4.1502e+01,  2.6642e-04,  2.6642e-04,  2.6642e-04,
          2.6642e-04,  2.6642e-04,  2.6642e-04,  2.6642e-04,  1.4740e+02,
          5.5348e+02,  8.1926e+02,  6.3492e+02,  3.0325e+02,  2.6642e-04,
          2.6642e-04,  2.6642e-04,  2.6642e-04],
        [ 2.6642e-04,  2.6642e-04,  2.6642e-04,  2.6642e-04,  2.6642e-04,
          2.6642e-04,  3.3771e+02,  6.1936e+02,  6.9519e+02,  5.2152e+02,
          1.6683e+02,  2.6642e-04,  2.6642e-04,  2.6642e-04,  2.6642e-04,
          2.6642e-04,  2.6642e-04,  2.6642e-04,  2.6642e-04,  1.4740e+02,
          5.5348e+02,  8.1926e+02,  6.3492e+02,  3.0325e+02,  2.6642e-04,
          2.6642e-04,  2.6642e-04,  2.6642e-04],
        [ 2.6642e-04,  2.6642e-04,  2.6642e-04,  2.6642e-04,  2.6642e-04,
          4.4036e+00,  3.7565e+02,  6.3975e+02,  6.1519e+02,  3.5629e+02,
          4.2933e+01,  2.6642e-04,  2.6642e-04,  2.6642e-04,  2.6642e-04,
          2.6642e-04,  2.6642e-04,  2.6642e-04,  2.6642e-04,  1.4740e+02,
          5.5348e+02,  8.1926e+02,  6.3492e+02,  3.0325e+02,  2.6642e-04,
          2.6642e-04,  2.6642e-04,  2.6642e-04],
        [ 2.6642e-04,  2.6642e-04,  2.6642e-04,  2.6642e-04,  2.6642e-04,
          4.9403e+01,  3.8739e+02,  6.2548e+02,  5.6240e+02,  2.8332e+02,
          2.6642e-04,  2.6642e-04,  2.6642e-04,  2.6642e-04,  2.6642e-04,
          2.6642e-04,  2.6642e-04,  2.6642e-04,  2.6642e-04,  1.7862e+02,
          5.4027e+02,  8.1508e+02,  6.3560e+02,  3.0338e+02,  2.6642e-04,
          2.6642e-04,  2.6642e-04,  2.6642e-04],
        [ 2.6642e-04,  2.6642e-04,  2.6642e-04,  2.6642e-04,  2.6642e-04,
          1.3459e+02,  4.9211e+02,  7.2650e+02,  5.9191e+02,  2.8332e+02,
          2.6642e-04,  2.6642e-04,  2.6642e-04,  2.6642e-04,  2.6642e-04,
          2.6642e-04,  2.6642e-04,  2.6642e-04,  2.0416e+01,  2.7254e+02,
          5.8135e+02,  8.1305e+02,  6.5546e+02,  3.0484e+02,  2.6642e-04,
          2.6642e-04,  2.6642e-04,  2.6642e-04],
        [ 2.6642e-04,  2.6642e-04,  2.6642e-04,  2.6642e-04,  2.6642e-04,
          1.7196e+02,  5.7145e+02,  8.1463e+02,  6.1696e+02,  2.8332e+02,
          2.6642e-04,  2.6642e-04,  2.6642e-04,  2.6642e-04,  2.6642e-04,
          2.6642e-04,  2.6642e-04,  2.0416e+01,  1.0457e+02,  3.9812e+02,
          7.0093e+02,  7.8059e+02,  5.7088e+02,  2.0501e+02,  2.6642e-04,
          2.6642e-04,  2.6642e-04,  2.6642e-04],
        [ 2.6642e-04,  2.6642e-04,  2.6642e-04,  2.6642e-04,  2.6642e-04,
          1.5915e+02,  5.7167e+02,  8.1789e+02,  6.1739e+02,  2.8332e+02,
          2.6642e-04,  2.6642e-04,  2.6642e-04,  2.6642e-04,  2.6642e-04,
          2.6642e-04,  1.2012e+00,  1.1351e+02,  2.8417e+02,  5.7268e+02,
          7.8054e+02,  7.0452e+02,  3.8275e+02,  5.6631e+01,  2.6642e-04,
          2.6642e-04,  2.6642e-04,  2.6642e-04],
        [ 2.6642e-04,  2.6642e-04,  2.6642e-04,  2.6642e-04,  2.6642e-04,
          1.0314e+02,  5.3719e+02,  7.9725e+02,  6.1428e+02,  2.7946e+02,
         -6.6013e-01,  2.6642e-04,  2.6642e-04,  2.6642e-04,  1.8414e+01,
          5.3050e+01,  5.6357e+01,  2.4092e+02,  5.1682e+02,  7.5629e+02,
          7.7159e+02,  5.3300e+02,  1.8325e+02,  2.8624e+00,  2.6642e-04,
          2.6642e-04,  2.6642e-04,  2.6642e-04],
        [ 2.6642e-04,  2.6642e-04,  2.6642e-04,  2.6642e-04,  2.6642e-04,
          2.8355e+01,  4.3590e+02,  7.2592e+02,  6.8016e+02,  3.4363e+02,
          4.9637e+01,  3.5606e+01,  3.5606e+01,  3.5606e+01,  1.0016e+02,
          2.2930e+02,  3.8151e+02,  6.0788e+02,  8.1495e+02,  8.0234e+02,
          5.9952e+02,  2.4944e+02,  3.9355e+01,  2.6642e-04,  2.6642e-04,
          2.6642e-04,  2.6642e-04,  2.6642e-04],
        [ 2.6642e-04,  2.6642e-04,  2.6642e-04,  2.6642e-04,  2.6642e-04,
          2.6642e-04,  3.2227e+02,  7.0560e+02,  9.1191e+02,  7.1933e+02,
          5.1064e+02,  4.7855e+02,  4.7855e+02,  4.7855e+02,  5.4917e+02,
          6.8472e+02,  8.6492e+02,  9.5313e+02,  9.1282e+02,  6.8657e+02,
          3.5107e+02,  5.2491e+01,  2.6642e-04,  2.6642e-04,  2.6642e-04,
          2.6642e-04,  2.6642e-04,  2.6642e-04],
        [ 2.6642e-04,  2.6642e-04,  2.6642e-04,  2.6642e-04,  2.6642e-04,
          2.6642e-04,  1.6685e+02,  5.2508e+02,  9.4936e+02,  1.0432e+03,
          1.0124e+03,  9.9380e+02,  9.9380e+02,  9.9380e+02,  9.7699e+02,
          1.0215e+03,  1.0268e+03,  9.3129e+02,  6.8077e+02,  3.7598e+02,
          1.1902e+02,  7.1557e+00,  2.6642e-04,  2.6642e-04,  2.6642e-04,
          2.6642e-04,  2.6642e-04,  2.6642e-04],
        [ 2.6642e-04,  2.6642e-04,  2.6642e-04,  2.6642e-04,  2.6642e-04,
          2.6642e-04,  3.4800e+01,  1.7199e+02,  5.3136e+02,  8.4755e+02,
          1.0504e+03,  1.0830e+03,  1.0830e+03,  1.0830e+03,  9.8958e+02,
          8.7135e+02,  6.5614e+02,  4.8191e+02,  2.5613e+02,  8.5866e+01,
          2.6642e-04,  2.6642e-04,  2.6642e-04,  2.6642e-04,  2.6642e-04,
          2.6642e-04,  2.6642e-04,  2.6642e-04],
        [ 2.6642e-04,  2.6642e-04,  2.6642e-04,  2.6642e-04,  2.6642e-04,
          2.6642e-04,  2.6642e-04,  1.1170e+01,  1.0944e+02,  2.8294e+02,
          4.4712e+02,  4.7861e+02,  4.7861e+02,  4.7861e+02,  4.3522e+02,
          3.3951e+02,  1.8635e+02,  7.4417e+01,  2.6642e-04,  2.6642e-04,
          2.6642e-04,  2.6642e-04,  2.6642e-04,  2.6642e-04,  2.6642e-04,
          2.6642e-04,  2.6642e-04,  2.6642e-04],
        [ 2.6642e-04,  2.6642e-04,  2.6642e-04,  2.6642e-04,  2.6642e-04,
          2.6642e-04,  2.6642e-04,  2.6642e-04,  2.6642e-04,  2.6642e-04,
          2.6642e-04,  2.6642e-04,  2.6642e-04,  2.6642e-04,  2.6642e-04,
          2.6642e-04,  2.6642e-04,  2.6642e-04,  2.6642e-04,  2.6642e-04,
          2.6642e-04,  2.6642e-04,  2.6642e-04,  2.6642e-04,  2.6642e-04,
          2.6642e-04,  2.6642e-04,  2.6642e-04],
        [ 2.6642e-04,  2.6642e-04,  2.6642e-04,  2.6642e-04,  2.6642e-04,
          2.6642e-04,  2.6642e-04,  2.6642e-04,  2.6642e-04,  2.6642e-04,
          2.6642e-04,  2.6642e-04,  2.6642e-04,  2.6642e-04,  2.6642e-04,
          2.6642e-04,  2.6642e-04,  2.6642e-04,  2.6642e-04,  2.6642e-04,
          2.6642e-04,  2.6642e-04,  2.6642e-04,  2.6642e-04,  2.6642e-04,
          2.6642e-04,  2.6642e-04,  2.6642e-04],
        [ 2.6642e-04,  2.6642e-04,  2.6642e-04,  2.6642e-04,  2.6642e-04,
          2.6642e-04,  2.6642e-04,  2.6642e-04,  2.6642e-04,  2.6642e-04,
          2.6642e-04,  2.6642e-04,  2.6642e-04,  2.6642e-04,  2.6642e-04,
          2.6642e-04,  2.6642e-04,  2.6642e-04,  2.6642e-04,  2.6642e-04,
          2.6642e-04,  2.6642e-04,  2.6642e-04,  2.6642e-04,  2.6642e-04,
          2.6642e-04,  2.6642e-04,  2.6642e-04]], grad_fn=<UnbindBackward>)
tensor([[5.6492e-03, 5.6492e-03, 5.6492e-03, 5.6492e-03, 5.6492e-03, 5.6492e-03,
         5.6492e-03, 5.6492e-03, 5.6492e-03, 5.6492e-03, 5.6492e-03, 5.6492e-03,
         5.6492e-03, 5.6492e-03, 5.6492e-03, 5.6492e-03, 5.6492e-03, 5.6492e-03,
         5.6492e-03, 5.6492e-03, 5.6492e-03, 5.6492e-03, 5.6492e-03, 5.6492e-03,
         5.6492e-03, 5.6492e-03, 5.6492e-03, 5.6492e-03],
        [5.6492e-03, 5.6492e-03, 5.6492e-03, 5.6492e-03, 5.6492e-03, 5.6492e-03,
         5.6492e-03, 5.6492e-03, 5.6492e-03, 5.6492e-03, 5.6492e-03, 5.6492e-03,
         5.6492e-03, 5.6492e-03, 5.6492e-03, 5.6492e-03, 5.6492e-03, 5.6492e-03,
         5.6492e-03, 5.6492e-03, 5.6492e-03, 5.6492e-03, 5.6492e-03, 5.6492e-03,
         5.6492e-03, 5.6492e-03, 5.6492e-03, 5.6492e-03],
        [5.6492e-03, 5.6492e-03, 5.6492e-03, 5.6492e-03, 5.6492e-03, 5.6492e-03,
         5.6492e-03, 5.6492e-03, 5.6492e-03, 5.6492e-03, 5.6492e-03, 5.6492e-03,
         5.6492e-03, 5.6492e-03, 5.6492e-03, 5.6492e-03, 5.6492e-03, 5.6492e-03,
         5.6492e-03, 5.6492e-03, 5.6492e-03, 5.6492e-03, 5.6492e-03, 5.6492e-03,
         5.6492e-03, 5.6492e-03, 5.6492e-03, 5.6492e-03],
        [5.6492e-03, 5.6492e-03, 5.6492e-03, 5.6492e-03, 5.6492e-03, 5.6492e-03,
         5.6492e-03, 5.6492e-03, 5.6492e-03, 5.6492e-03, 5.2688e+01, 4.7802e+01,
         4.9301e+01, 1.3357e+02, 2.6157e+02, 2.6583e+02, 2.2353e+02, 1.6102e+02,
         6.6100e+01, 1.0805e+01, 5.6492e-03, 5.6492e-03, 5.6492e-03, 5.6492e-03,
         5.6492e-03, 5.6492e-03, 5.6492e-03, 5.6492e-03],
        [5.6492e-03, 5.6492e-03, 5.6492e-03, 5.6492e-03, 5.6492e-03, 5.6492e-03,
         5.6492e-03, 5.6492e-03, 1.2097e+01, 1.6497e+02, 3.9236e+02, 4.6874e+02,
         4.6879e+02, 5.6316e+02, 6.9570e+02, 7.1203e+02, 6.6070e+02, 6.0086e+02,
         4.9374e+02, 2.9774e+02, 1.0386e+02, 1.4876e+01, 5.6492e-03, 5.6492e-03,
         5.6492e-03, 5.6492e-03, 5.6492e-03, 5.6492e-03],
        [5.6492e-03, 5.6492e-03, 5.6492e-03, 5.6492e-03, 5.6492e-03, 5.6492e-03,
         5.6492e-03, 5.6492e-03, 1.4089e+02, 4.7651e+02, 7.9810e+02, 8.8182e+02,
         8.7590e+02, 8.7182e+02, 9.4614e+02, 9.6771e+02, 9.6813e+02, 9.5714e+02,
         9.3575e+02, 7.5639e+02, 3.6089e+02, 8.7319e+01, 8.1491e+00, 5.6492e-03,
         5.6492e-03, 5.6492e-03, 5.6492e-03, 5.6492e-03],
        [5.6492e-03, 5.6492e-03, 5.6492e-03, 5.6492e-03, 5.6492e-03, 5.6492e-03,
         5.6492e-03, 3.7142e+01, 3.5552e+02, 8.1932e+02, 1.0706e+03, 1.0377e+03,
         8.8335e+02, 7.7026e+02, 7.1800e+02, 6.9839e+02, 6.9773e+02, 8.6003e+02,
         1.1111e+03, 1.1345e+03, 8.0550e+02, 2.9832e+02, 4.9013e+01, 3.0152e+00,
         5.6492e-03, 5.6492e-03, 5.6492e-03, 5.6492e-03],
        [5.6492e-03, 5.6492e-03, 5.6492e-03, 5.6492e-03, 5.6492e-03, 5.6492e-03,
         5.6492e-03, 8.0535e+01, 5.5497e+02, 1.0173e+03, 1.0716e+03, 7.8176e+02,
         4.9225e+02, 3.7999e+02, 3.1459e+02, 2.8528e+02, 2.7925e+02, 4.1702e+02,
         7.6532e+02, 1.1138e+03, 1.0694e+03, 6.2743e+02, 1.5947e+02, 1.5420e+01,
         5.6492e-03, 5.6492e-03, 5.6492e-03, 5.6492e-03],
        [5.6492e-03, 5.6492e-03, 5.6492e-03, 5.6492e-03, 5.6492e-03, 5.6492e-03,
         5.6492e-03, 1.2008e+02, 6.5253e+02, 1.0160e+03, 8.4863e+02, 4.2240e+02,
         1.7541e+02, 5.2986e+01, 2.0159e+01, 6.1082e+00, 1.1112e+00, 7.1748e+01,
         3.0365e+02, 8.1669e+02, 1.1420e+03, 8.8061e+02, 3.5037e+02, 4.5873e+01,
         5.6492e-03, 5.6492e-03, 5.6492e-03, 5.6492e-03],
        [5.6492e-03, 5.6492e-03, 5.6492e-03, 5.6492e-03, 5.6492e-03, 5.6492e-03,
         5.6492e-03, 2.4563e+02, 7.7219e+02, 9.3695e+02, 5.9425e+02, 2.1950e+02,
         5.4420e+01, 5.6492e-03, 5.6492e-03, 5.6492e-03, 5.6492e-03, 5.6492e-03,
         7.4080e+01, 4.9911e+02, 1.0313e+03, 1.0435e+03, 5.2808e+02, 9.5590e+01,
         5.6492e-03, 5.6492e-03, 5.6492e-03, 5.6492e-03],
        [5.6492e-03, 5.6492e-03, 5.6492e-03, 5.6492e-03, 5.6492e-03, 5.6492e-03,
         2.9369e+01, 3.9515e+02, 8.9410e+02, 8.1794e+02, 4.0772e+02, 1.0357e+02,
         5.6492e-03, 5.6492e-03, 5.6492e-03, 5.6492e-03, 5.6492e-03, 5.6492e-03,
         5.6492e-03, 3.0692e+02, 8.4247e+02, 1.0954e+03, 6.1386e+02, 1.4433e+02,
         5.6492e-03, 5.6492e-03, 5.6492e-03, 5.6492e-03],
        [5.6492e-03, 5.6492e-03, 5.6492e-03, 5.6492e-03, 5.6492e-03, 5.6492e-03,
         1.3426e+02, 6.1210e+02, 9.5554e+02, 7.1715e+02, 2.8725e+02, 5.9677e+01,
         5.6492e-03, 5.6492e-03, 5.6492e-03, 5.6492e-03, 5.6492e-03, 5.6492e-03,
         5.6492e-03, 2.1831e+02, 7.5401e+02, 1.0819e+03, 6.4146e+02, 1.7281e+02,
         5.6492e-03, 5.6492e-03, 5.6492e-03, 5.6492e-03],
        [5.6492e-03, 5.6492e-03, 5.6492e-03, 5.6492e-03, 5.6492e-03, 5.6492e-03,
         2.9787e+02, 7.9546e+02, 8.7420e+02, 5.1898e+02, 1.8225e+02, 2.9501e+01,
         5.6492e-03, 5.6492e-03, 5.6492e-03, 5.6492e-03, 5.6492e-03, 5.6492e-03,
         5.6492e-03, 1.8182e+02, 7.2148e+02, 1.0484e+03, 6.4146e+02, 1.7281e+02,
         5.6492e-03, 5.6492e-03, 5.6492e-03, 5.6492e-03],
        [5.6492e-03, 5.6492e-03, 5.6492e-03, 5.6492e-03, 5.6492e-03, 5.6492e-03,
         4.1456e+02, 8.8512e+02, 7.3457e+02, 3.2734e+02, 9.4510e+01, 5.6492e-03,
         5.6492e-03, 5.6492e-03, 5.6492e-03, 5.6492e-03, 5.6492e-03, 5.6492e-03,
         5.6492e-03, 1.8182e+02, 7.2148e+02, 1.0484e+03, 6.4146e+02, 1.7281e+02,
         5.6492e-03, 5.6492e-03, 5.6492e-03, 5.6492e-03],
        [5.6492e-03, 5.6492e-03, 5.6492e-03, 5.6492e-03, 5.6492e-03, 9.5057e+00,
         4.7567e+02, 8.9593e+02, 6.3416e+02, 2.1136e+02, 3.0519e+01, 5.6492e-03,
         5.6492e-03, 5.6492e-03, 5.6492e-03, 5.6492e-03, 5.6492e-03, 5.6492e-03,
         5.6492e-03, 1.8182e+02, 7.2148e+02, 1.0484e+03, 6.4146e+02, 1.7281e+02,
         5.6492e-03, 5.6492e-03, 5.6492e-03, 5.6492e-03],
        [5.6492e-03, 5.6492e-03, 5.6492e-03, 5.6492e-03, 5.6492e-03, 9.2871e+01,
         5.8302e+02, 9.2059e+02, 5.8810e+02, 1.6145e+02, 5.6492e-03, 5.6492e-03,
         5.6492e-03, 5.6492e-03, 5.6492e-03, 5.6492e-03, 5.6492e-03, 5.6492e-03,
         5.6492e-03, 2.4918e+02, 7.7929e+02, 1.0587e+03, 6.3850e+02, 1.7210e+02,
         5.6492e-03, 5.6492e-03, 5.6492e-03, 5.6492e-03],
        [5.6492e-03, 5.6492e-03, 5.6492e-03, 5.6492e-03, 5.6492e-03, 1.6403e+02,
         6.8788e+02, 9.6795e+02, 5.9505e+02, 1.6145e+02, 5.6492e-03, 5.6492e-03,
         5.6492e-03, 5.6492e-03, 5.6492e-03, 5.6492e-03, 5.6492e-03, 5.6492e-03,
         4.4051e+01, 4.1096e+02, 9.0783e+02, 9.6328e+02, 5.3596e+02, 1.4788e+02,
         5.6492e-03, 5.6492e-03, 5.6492e-03, 5.6492e-03],
        [5.6492e-03, 5.6492e-03, 5.6492e-03, 5.6492e-03, 5.6492e-03, 2.1212e+02,
         7.5010e+02, 1.0294e+03, 6.1285e+02, 1.6145e+02, 5.6492e-03, 5.6492e-03,
         5.6492e-03, 5.6492e-03, 5.6492e-03, 5.6492e-03, 5.6492e-03, 4.4051e+01,
         2.1845e+02, 6.5958e+02, 9.9534e+02, 8.0784e+02, 3.6236e+02, 1.1643e+02,
         5.6492e-03, 5.6492e-03, 5.6492e-03, 5.6492e-03],
        [5.6492e-03, 5.6492e-03, 5.6492e-03, 5.6492e-03, 5.6492e-03, 1.8449e+02,
         7.1516e+02, 1.0141e+03, 6.1054e+02, 1.6145e+02, 5.6492e-03, 5.6492e-03,
         5.6492e-03, 5.6492e-03, 5.6492e-03, 5.6492e-03, 2.5966e+00, 1.8461e+02,
         5.3660e+02, 9.0064e+02, 9.1673e+02, 5.6153e+02, 2.0363e+02, 3.8650e+01,
         5.6492e-03, 5.6492e-03, 5.6492e-03, 5.6492e-03],
        [5.6492e-03, 5.6492e-03, 5.6492e-03, 5.6492e-03, 5.6492e-03, 1.0355e+02,
         6.0728e+02, 9.7998e+02, 6.3178e+02, 1.7875e+02, 3.5463e+00, 5.6492e-03,
         5.6492e-03, 5.6492e-03, 3.9733e+01, 1.6537e+02, 2.9749e+02, 5.5152e+02,
         8.8539e+02, 9.3186e+02, 6.6553e+02, 3.1174e+02, 1.0806e+02, 2.0398e+00,
         5.6492e-03, 5.6492e-03, 5.6492e-03, 5.6492e-03],
        [5.6492e-03, 5.6492e-03, 5.6492e-03, 5.6492e-03, 5.6492e-03, 3.6490e+01,
         5.1065e+02, 9.7301e+02, 8.3737e+02, 4.9578e+02, 3.2748e+02, 3.2072e+02,
         3.2072e+02, 3.2072e+02, 4.0263e+02, 5.7636e+02, 7.3090e+02, 9.0185e+02,
         9.9853e+02, 7.8611e+02, 3.8945e+02, 1.5224e+02, 2.7976e+01, 5.6492e-03,
         5.6492e-03, 5.6492e-03, 5.6492e-03, 5.6492e-03],
        [5.6492e-03, 5.6492e-03, 5.6492e-03, 5.6492e-03, 5.6492e-03, 5.6492e-03,
         3.4834e+02, 8.2367e+02, 9.9578e+02, 8.9392e+02, 7.6886e+02, 7.5567e+02,
         7.5567e+02, 7.5567e+02, 8.2224e+02, 9.6056e+02, 1.0691e+03, 1.0517e+03,
         8.3688e+02, 4.7371e+02, 1.8794e+02, 3.3301e+01, 5.6492e-03, 5.6492e-03,
         5.6492e-03, 5.6492e-03, 5.6492e-03, 5.6492e-03],
        [5.6492e-03, 5.6492e-03, 5.6492e-03, 5.6492e-03, 5.6492e-03, 5.6492e-03,
         1.7889e+02, 4.8731e+02, 9.1369e+02, 1.1304e+03, 1.1645e+03, 1.1600e+03,
         1.1600e+03, 1.1600e+03, 1.1032e+03, 1.0222e+03, 9.0040e+02, 7.1315e+02,
         4.5737e+02, 2.1650e+02, 8.4268e+01, 5.0911e+00, 5.6492e-03, 5.6492e-03,
         5.6492e-03, 5.6492e-03, 5.6492e-03, 5.6492e-03],
        [5.6492e-03, 5.6492e-03, 5.6492e-03, 5.6492e-03, 5.6492e-03, 5.6492e-03,
         4.4782e+01, 1.7270e+02, 4.6079e+02, 7.3326e+02, 8.1695e+02, 8.2248e+02,
         8.2248e+02, 8.2248e+02, 7.4693e+02, 6.2734e+02, 4.8622e+02, 3.2289e+02,
         1.7815e+02, 6.1031e+01, 5.6492e-03, 5.6492e-03, 5.6492e-03, 5.6492e-03,
         5.6492e-03, 5.6492e-03, 5.6492e-03, 5.6492e-03],
        [5.6492e-03, 5.6492e-03, 5.6492e-03, 5.6492e-03, 5.6492e-03, 5.6492e-03,
         5.6492e-03, 1.4378e+01, 1.2891e+02, 2.5713e+02, 3.7239e+02, 3.9477e+02,
         3.9477e+02, 3.9477e+02, 3.3893e+02, 2.6207e+02, 1.2907e+02, 5.2895e+01,
         5.6492e-03, 5.6492e-03, 5.6492e-03, 5.6492e-03, 5.6492e-03, 5.6492e-03,
         5.6492e-03, 5.6492e-03, 5.6492e-03, 5.6492e-03],
        [5.6492e-03, 5.6492e-03, 5.6492e-03, 5.6492e-03, 5.6492e-03, 5.6492e-03,
         5.6492e-03, 5.6492e-03, 5.6492e-03, 5.6492e-03, 5.6492e-03, 5.6492e-03,
         5.6492e-03, 5.6492e-03, 5.6492e-03, 5.6492e-03, 5.6492e-03, 5.6492e-03,
         5.6492e-03, 5.6492e-03, 5.6492e-03, 5.6492e-03, 5.6492e-03, 5.6492e-03,
         5.6492e-03, 5.6492e-03, 5.6492e-03, 5.6492e-03],
        [5.6492e-03, 5.6492e-03, 5.6492e-03, 5.6492e-03, 5.6492e-03, 5.6492e-03,
         5.6492e-03, 5.6492e-03, 5.6492e-03, 5.6492e-03, 5.6492e-03, 5.6492e-03,
         5.6492e-03, 5.6492e-03, 5.6492e-03, 5.6492e-03, 5.6492e-03, 5.6492e-03,
         5.6492e-03, 5.6492e-03, 5.6492e-03, 5.6492e-03, 5.6492e-03, 5.6492e-03,
         5.6492e-03, 5.6492e-03, 5.6492e-03, 5.6492e-03],
        [5.6492e-03, 5.6492e-03, 5.6492e-03, 5.6492e-03, 5.6492e-03, 5.6492e-03,
         5.6492e-03, 5.6492e-03, 5.6492e-03, 5.6492e-03, 5.6492e-03, 5.6492e-03,
         5.6492e-03, 5.6492e-03, 5.6492e-03, 5.6492e-03, 5.6492e-03, 5.6492e-03,
         5.6492e-03, 5.6492e-03, 5.6492e-03, 5.6492e-03, 5.6492e-03, 5.6492e-03,
         5.6492e-03, 5.6492e-03, 5.6492e-03, 5.6492e-03]],
       grad_fn=<UnbindBackward>)
tensor([[ 1.8569e-01,  1.8569e-01,  1.8569e-01,  1.8569e-01,  1.8569e-01,
          1.8569e-01,  1.8569e-01,  1.8569e-01,  1.8569e-01,  1.8569e-01,
          1.8569e-01,  1.8569e-01,  1.8569e-01,  1.8569e-01,  1.8569e-01,
          1.8569e-01,  1.8569e-01,  1.8569e-01,  1.8569e-01,  1.8569e-01,
          1.8569e-01,  1.8569e-01,  1.8569e-01,  1.8569e-01,  1.8569e-01,
          1.8569e-01,  1.8569e-01,  1.8569e-01],
        [ 1.8569e-01,  1.8569e-01,  1.8569e-01,  1.8569e-01,  1.8569e-01,
          1.8569e-01,  1.8569e-01,  1.8569e-01,  1.8569e-01,  1.8569e-01,
          1.8569e-01,  1.8569e-01,  1.8569e-01,  1.8569e-01,  1.8569e-01,
          1.8569e-01,  1.8569e-01,  1.8569e-01,  1.8569e-01,  1.8569e-01,
          1.8569e-01,  1.8569e-01,  1.8569e-01,  1.8569e-01,  1.8569e-01,
          1.8569e-01,  1.8569e-01,  1.8569e-01],
        [ 1.8569e-01,  1.8569e-01,  1.8569e-01,  1.8569e-01,  1.8569e-01,
          1.8569e-01,  1.8569e-01,  1.8569e-01,  1.8569e-01,  1.8569e-01,
          1.8569e-01,  1.8569e-01,  1.8569e-01,  1.8569e-01,  1.8569e-01,
          1.8569e-01,  1.8569e-01,  1.8569e-01,  1.8569e-01,  1.8569e-01,
          1.8569e-01,  1.8569e-01,  1.8569e-01,  1.8569e-01,  1.8569e-01,
          1.8569e-01,  1.8569e-01,  1.8569e-01],
        [ 1.8569e-01,  1.8569e-01,  1.8569e-01,  1.8569e-01,  1.8569e-01,
          1.8569e-01,  1.8569e-01,  1.8569e-01,  1.8569e-01,  1.8569e-01,
         -9.4565e+00,  2.6603e+01, -2.6817e-01,  2.8794e-01,  2.5045e+01,
          7.6022e+01,  4.8937e+01,  5.1969e+01,  3.6483e+01,  5.0482e+00,
          1.8569e-01,  1.8569e-01,  1.8569e-01,  1.8569e-01,  1.8569e-01,
          1.8569e-01,  1.8569e-01,  1.8569e-01],
        [ 1.8569e-01,  1.8569e-01,  1.8569e-01,  1.8569e-01,  1.8569e-01,
          1.8569e-01,  1.8569e-01,  1.8569e-01, -2.0273e+00, -2.1937e+01,
          4.9401e+01,  1.2511e+02,  1.3243e+02,  1.3003e+02,  2.2009e+02,
          3.0921e+02,  3.0918e+02,  2.5460e+02,  2.0733e+02,  1.4957e+02,
          5.5949e+01,  6.8816e+00,  1.8569e-01,  1.8569e-01,  1.8569e-01,
          1.8569e-01,  1.8569e-01,  1.8569e-01],
        [ 1.8569e-01,  1.8569e-01,  1.8569e-01,  1.8569e-01,  1.8569e-01,
          1.8569e-01,  1.8569e-01,  1.8569e-01, -2.1866e+01,  5.8913e+01,
          2.7550e+02,  4.5399e+02,  5.2667e+02,  5.3396e+02,  6.8290e+02,
          7.8003e+02,  7.8320e+02,  6.6735e+02,  6.0757e+02,  4.7465e+02,
          3.2618e+02,  9.4114e+01,  3.8525e+00,  1.8569e-01,  1.8569e-01,
          1.8569e-01,  1.8569e-01,  1.8569e-01],
        [ 1.8569e-01,  1.8569e-01,  1.8569e-01,  1.8569e-01,  1.8569e-01,
          1.8569e-01,  1.8569e-01, -6.6113e+00,  9.5090e+00,  3.1169e+02,
          7.0260e+02,  9.9560e+02,  9.8071e+02,  9.2869e+02,  8.9511e+02,
          8.7732e+02,  8.6723e+02,  8.5401e+02,  9.2570e+02,  9.3328e+02,
          7.3172e+02,  3.6033e+02,  5.1282e+01,  1.5408e+00,  1.8569e-01,
          1.8569e-01,  1.8569e-01,  1.8569e-01],
        [ 1.8569e-01,  1.8569e-01,  1.8569e-01,  1.8569e-01,  1.8569e-01,
          1.8569e-01,  1.8569e-01, -3.0857e+00,  1.2850e+02,  5.6845e+02,
          9.7624e+02,  1.0002e+03,  7.9034e+02,  6.0288e+02,  5.0178e+02,
          4.5106e+02,  4.3130e+02,  4.9258e+02,  6.3855e+02,  9.0507e+02,
          9.1604e+02,  6.7117e+02,  2.2057e+02,  1.7182e+01,  1.8569e-01,
          1.8569e-01,  1.8569e-01,  1.8569e-01],
        [ 1.8569e-01,  1.8569e-01,  1.8569e-01,  1.8569e-01,  1.8569e-01,
          1.8569e-01,  1.8569e-01,  2.1811e+01,  2.2841e+02,  7.2077e+02,
          1.0119e+03,  7.2688e+02,  3.5840e+02,  9.3116e+01,  3.7651e+01,
          1.1646e+01,  1.3167e+00,  7.4356e+01,  2.7638e+02,  5.7625e+02,
          9.0578e+02,  8.4919e+02,  4.8331e+02,  7.7542e+01,  1.8569e-01,
          1.8569e-01,  1.8569e-01,  1.8569e-01],
        [ 1.8569e-01,  1.8569e-01,  1.8569e-01,  1.8569e-01,  1.8569e-01,
          1.8569e-01,  1.8569e-01,  9.3639e+00,  3.1306e+02,  7.6095e+02,
          8.6210e+02,  4.4804e+02,  1.0237e+02,  1.8569e-01,  1.8569e-01,
          1.8569e-01,  1.8569e-01,  1.8569e-01,  7.5961e+01,  2.6628e+02,
          6.9748e+02,  9.2694e+02,  6.9037e+02,  1.9054e+02,  1.8569e-01,
          1.8569e-01,  1.8569e-01,  1.8569e-01],
        [ 1.8569e-01,  1.8569e-01,  1.8569e-01,  1.8569e-01,  1.8569e-01,
          1.8569e-01, -5.1886e+00,  4.1202e+01,  4.2082e+02,  7.9424e+02,
          6.5999e+02,  2.2246e+02,  1.8569e-01,  1.8569e-01,  1.8569e-01,
          1.8569e-01,  1.8569e-01,  1.8569e-01,  1.8569e-01,  1.3135e+02,
          4.6845e+02,  9.0160e+02,  7.9996e+02,  3.0515e+02,  1.8569e-01,
          1.8569e-01,  1.8569e-01,  1.8569e-01],
        [ 1.8569e-01,  1.8569e-01,  1.8569e-01,  1.8569e-01,  1.8569e-01,
          1.8569e-01, -1.5318e+01,  1.7589e+02,  6.0791e+02,  8.7143e+02,
          5.4095e+02,  1.3614e+02,  1.8569e-01,  1.8569e-01,  1.8569e-01,
          1.8569e-01,  1.8569e-01,  1.8569e-01,  1.8569e-01,  8.2633e+01,
          3.6219e+02,  8.2269e+02,  8.5001e+02,  3.5863e+02,  1.8569e-01,
          1.8569e-01,  1.8569e-01,  1.8569e-01],
        [ 1.8569e-01,  1.8569e-01,  1.8569e-01,  1.8569e-01,  1.8569e-01,
          1.8569e-01,  1.9378e+00,  3.2622e+02,  7.4593e+02,  7.7769e+02,
          3.9588e+02,  5.5578e+01,  1.8569e-01,  1.8569e-01,  1.8569e-01,
          1.8569e-01,  1.8569e-01,  1.8569e-01,  1.8569e-01,  4.5311e+01,
          3.0321e+02,  7.5966e+02,  8.5001e+02,  3.5863e+02,  1.8569e-01,
          1.8569e-01,  1.8569e-01,  1.8569e-01],
        [ 1.8569e-01,  1.8569e-01,  1.8569e-01,  1.8569e-01,  1.8569e-01,
          1.8569e-01,  6.5383e+01,  4.8911e+02,  8.5047e+02,  6.0525e+02,
          2.0238e+02,  1.8569e-01,  1.8569e-01,  1.8569e-01,  1.8569e-01,
          1.8569e-01,  1.8569e-01,  1.8569e-01,  1.8569e-01,  4.5311e+01,
          3.0321e+02,  7.5966e+02,  8.5001e+02,  3.5863e+02,  1.8569e-01,
          1.8569e-01,  1.8569e-01,  1.8569e-01],
        [ 1.8569e-01,  1.8569e-01,  1.8569e-01,  1.8569e-01,  1.8569e-01,
         -1.5531e+00,  1.1921e+02,  5.5716e+02,  8.2501e+02,  4.2689e+02,
          5.7488e+01,  1.8569e-01,  1.8569e-01,  1.8569e-01,  1.8569e-01,
          1.8569e-01,  1.8569e-01,  1.8569e-01,  1.8569e-01,  4.5311e+01,
          3.0321e+02,  7.5966e+02,  8.5001e+02,  3.5863e+02,  1.8569e-01,
          1.8569e-01,  1.8569e-01,  1.8569e-01],
        [ 1.8569e-01,  1.8569e-01,  1.8569e-01,  1.8569e-01,  1.8569e-01,
         -1.3877e+01,  1.5981e+02,  5.6728e+02,  7.6136e+02,  3.3507e+02,
          1.8569e-01,  1.8569e-01,  1.8569e-01,  1.8569e-01,  1.8569e-01,
          1.8569e-01,  1.8569e-01,  1.8569e-01,  1.8569e-01,  3.2981e+01,
          3.3760e+02,  7.6651e+02,  8.4825e+02,  3.5831e+02,  1.8569e-01,
          1.8569e-01,  1.8569e-01,  1.8569e-01],
        [ 1.8569e-01,  1.8569e-01,  1.8569e-01,  1.8569e-01,  1.8569e-01,
          3.6336e+00,  2.3343e+02,  6.6133e+02,  7.8882e+02,  3.3507e+02,
          1.8569e-01,  1.8569e-01,  1.8569e-01,  1.8569e-01,  1.8569e-01,
          1.8569e-01,  1.8569e-01,  1.8569e-01, -7.8758e+00,  5.3573e+01,
          4.2575e+02,  8.4378e+02,  7.8658e+02,  3.4503e+02,  1.8569e-01,
          1.8569e-01,  1.8569e-01,  1.8569e-01],
        [ 1.8569e-01,  1.8569e-01,  1.8569e-01,  1.8569e-01,  1.8569e-01,
          5.2831e+01,  3.3097e+02,  7.7570e+02,  8.2225e+02,  3.3507e+02,
          1.8569e-01,  1.8569e-01,  1.8569e-01,  1.8569e-01,  1.8569e-01,
          1.8569e-01,  1.8569e-01, -7.8758e+00,  3.2058e+00,  1.9241e+02,
          6.0326e+02,  9.3436e+02,  6.6010e+02,  2.4871e+02,  1.8569e-01,
          1.8569e-01,  1.8569e-01,  1.8569e-01],
        [ 1.8569e-01,  1.8569e-01,  1.8569e-01,  1.8569e-01,  1.8569e-01,
          5.7890e+01,  3.1892e+02,  7.6742e+02,  8.2121e+02,  3.3507e+02,
          1.8569e-01,  1.8569e-01,  1.8569e-01,  1.8569e-01,  1.8569e-01,
          1.8569e-01, -2.8852e-01, -1.8271e+01,  1.1722e+02,  4.4278e+02,
          8.1381e+02,  8.3082e+02,  4.4314e+02,  7.4406e+01,  1.8569e-01,
          1.8569e-01,  1.8569e-01,  1.8569e-01],
        [ 1.8569e-01,  1.8569e-01,  1.8569e-01,  1.8569e-01,  1.8569e-01,
          6.4169e+01,  2.7165e+02,  7.1887e+02,  8.1364e+02,  3.4500e+02,
          1.7800e+00,  1.8569e-01,  1.8569e-01,  1.8569e-01, -7.0855e+00,
         -3.5622e+00,  3.9319e+01,  1.1366e+02,  3.7021e+02,  7.6466e+02,
          8.6201e+02,  6.0710e+02,  2.2564e+02,  4.0058e+00,  1.8569e-01,
          1.8569e-01,  1.8569e-01,  1.8569e-01],
        [ 1.8569e-01,  1.8569e-01,  1.8569e-01,  1.8569e-01,  1.8569e-01,
          3.7508e+01,  1.8940e+02,  6.1174e+02,  7.8440e+02,  4.2297e+02,
          8.0307e+01,  6.5433e+01,  6.5433e+01,  6.5433e+01,  6.2709e+01,
          1.2754e+02,  2.4704e+02,  4.5501e+02,  7.2328e+02,  9.3839e+02,
          6.9904e+02,  3.0776e+02,  5.2713e+01,  1.8569e-01,  1.8569e-01,
          1.8569e-01,  1.8569e-01,  1.8569e-01],
        [ 1.8569e-01,  1.8569e-01,  1.8569e-01,  1.8569e-01,  1.8569e-01,
          1.8569e-01,  1.3617e+02,  4.8693e+02,  7.9279e+02,  6.2992e+02,
          3.8366e+02,  3.4901e+02,  3.4901e+02,  3.4901e+02,  3.8216e+02,
          5.2166e+02,  7.3852e+02,  9.3349e+02,  9.7190e+02,  7.6907e+02,
          4.0665e+02,  6.6834e+01,  1.8569e-01,  1.8569e-01,  1.8569e-01,
          1.8569e-01,  1.8569e-01,  1.8569e-01],
        [ 1.8569e-01,  1.8569e-01,  1.8569e-01,  1.8569e-01,  1.8569e-01,
          1.8569e-01,  1.3171e+02,  4.1009e+02,  7.4359e+02,  9.1191e+02,
          9.0853e+02,  8.8911e+02,  8.8911e+02,  8.8911e+02,  9.3618e+02,
          9.5904e+02,  1.0117e+03,  9.4102e+02,  7.6957e+02,  4.4650e+02,
          1.5811e+02,  9.7360e+00,  1.8569e-01,  1.8569e-01,  1.8569e-01,
          1.8569e-01,  1.8569e-01,  1.8569e-01],
        [ 1.8569e-01,  1.8569e-01,  1.8569e-01,  1.8569e-01,  1.8569e-01,
          1.8569e-01,  4.5990e+01,  1.9187e+02,  4.4849e+02,  7.5260e+02,
          9.4718e+02,  9.7569e+02,  9.7569e+02,  9.7569e+02,  9.6259e+02,
          8.8959e+02,  7.6690e+02,  5.8523e+02,  3.3090e+02,  1.1479e+02,
          1.8569e-01,  1.8569e-01,  1.8569e-01,  1.8569e-01,  1.8569e-01,
          1.8569e-01,  1.8569e-01,  1.8569e-01],
        [ 1.8569e-01,  1.8569e-01,  1.8569e-01,  1.8569e-01,  1.8569e-01,
          1.8569e-01,  1.8569e-01,  1.4888e+01,  1.4217e+02,  3.5632e+02,
          5.7137e+02,  6.1339e+02,  6.1339e+02,  6.1339e+02,  5.5628e+02,
          4.3831e+02,  2.3925e+02,  9.9509e+01,  1.8569e-01,  1.8569e-01,
          1.8569e-01,  1.8569e-01,  1.8569e-01,  1.8569e-01,  1.8569e-01,
          1.8569e-01,  1.8569e-01,  1.8569e-01],
        [ 1.8569e-01,  1.8569e-01,  1.8569e-01,  1.8569e-01,  1.8569e-01,
          1.8569e-01,  1.8569e-01,  1.8569e-01,  1.8569e-01,  1.8569e-01,
          1.8569e-01,  1.8569e-01,  1.8569e-01,  1.8569e-01,  1.8569e-01,
          1.8569e-01,  1.8569e-01,  1.8569e-01,  1.8569e-01,  1.8569e-01,
          1.8569e-01,  1.8569e-01,  1.8569e-01,  1.8569e-01,  1.8569e-01,
          1.8569e-01,  1.8569e-01,  1.8569e-01],
        [ 1.8569e-01,  1.8569e-01,  1.8569e-01,  1.8569e-01,  1.8569e-01,
          1.8569e-01,  1.8569e-01,  1.8569e-01,  1.8569e-01,  1.8569e-01,
          1.8569e-01,  1.8569e-01,  1.8569e-01,  1.8569e-01,  1.8569e-01,
          1.8569e-01,  1.8569e-01,  1.8569e-01,  1.8569e-01,  1.8569e-01,
          1.8569e-01,  1.8569e-01,  1.8569e-01,  1.8569e-01,  1.8569e-01,
          1.8569e-01,  1.8569e-01,  1.8569e-01],
        [ 1.8569e-01,  1.8569e-01,  1.8569e-01,  1.8569e-01,  1.8569e-01,
          1.8569e-01,  1.8569e-01,  1.8569e-01,  1.8569e-01,  1.8569e-01,
          1.8569e-01,  1.8569e-01,  1.8569e-01,  1.8569e-01,  1.8569e-01,
          1.8569e-01,  1.8569e-01,  1.8569e-01,  1.8569e-01,  1.8569e-01,
          1.8569e-01,  1.8569e-01,  1.8569e-01,  1.8569e-01,  1.8569e-01,
          1.8569e-01,  1.8569e-01,  1.8569e-01]], grad_fn=<UnbindBackward>)
tensor([[ 3.8969e-01,  3.8969e-01,  3.8969e-01,  3.8969e-01,  3.8969e-01,
          3.8969e-01,  3.8969e-01,  3.8969e-01,  3.8969e-01,  3.8969e-01,
          3.8969e-01,  3.8969e-01,  3.8969e-01,  3.8969e-01,  3.8969e-01,
          3.8969e-01,  3.8969e-01,  3.8969e-01,  3.8969e-01,  3.8969e-01,
          3.8969e-01,  3.8969e-01,  3.8969e-01,  3.8969e-01,  3.8969e-01,
          3.8969e-01,  3.8969e-01,  3.8969e-01],
        [ 3.8969e-01,  3.8969e-01,  3.8969e-01,  3.8969e-01,  3.8969e-01,
          3.8969e-01,  3.8969e-01,  3.8969e-01,  3.8969e-01,  3.8969e-01,
          3.8969e-01,  3.8969e-01,  3.8969e-01,  3.8969e-01,  3.8969e-01,
          3.8969e-01,  3.8969e-01,  3.8969e-01,  3.8969e-01,  3.8969e-01,
          3.8969e-01,  3.8969e-01,  3.8969e-01,  3.8969e-01,  3.8969e-01,
          3.8969e-01,  3.8969e-01,  3.8969e-01],
        [ 3.8969e-01,  3.8969e-01,  3.8969e-01,  3.8969e-01,  3.8969e-01,
          3.8969e-01,  3.8969e-01,  3.8969e-01,  3.8969e-01,  3.8969e-01,
          3.8969e-01,  3.8969e-01,  3.8969e-01,  3.8969e-01,  3.8969e-01,
          3.8969e-01,  3.8969e-01,  3.8969e-01,  3.8969e-01,  3.8969e-01,
          3.8969e-01,  3.8969e-01,  3.8969e-01,  3.8969e-01,  3.8969e-01,
          3.8969e-01,  3.8969e-01,  3.8969e-01],
        [ 3.8969e-01,  3.8969e-01,  3.8969e-01,  3.8969e-01,  3.8969e-01,
          3.8969e-01,  3.8969e-01,  3.8969e-01,  3.8969e-01,  3.8969e-01,
         -3.0043e+01, -8.9541e+00,  6.8599e+00, -6.2515e+01, -9.1929e+01,
         -2.9512e+01,  1.4329e+01,  8.5734e+00,  4.6338e+01,  2.8199e+01,
          3.8969e-01,  3.8969e-01,  3.8969e-01,  3.8969e-01,  3.8969e-01,
          3.8969e-01,  3.8969e-01,  3.8969e-01],
        [ 3.8969e-01,  3.8969e-01,  3.8969e-01,  3.8969e-01,  3.8969e-01,
          3.8969e-01,  3.8969e-01,  3.8969e-01, -6.5948e+00, -9.0713e+01,
         -1.5235e+02, -1.0111e+02, -8.3912e+01, -1.0119e+02, -1.7994e+02,
         -2.4020e+02, -2.4089e+02, -1.8197e+02, -1.3097e+02,  6.2241e+00,
          9.6720e+01,  3.8685e+01,  3.8969e-01,  3.8969e-01,  3.8969e-01,
          3.8969e-01,  3.8969e-01,  3.8969e-01],
        [ 3.8969e-01,  3.8969e-01,  3.8969e-01,  3.8969e-01,  3.8969e-01,
          3.8969e-01,  3.8969e-01,  3.8969e-01, -7.8127e+01, -1.9407e+02,
         -2.4742e+02, -3.2183e+02, -3.5669e+02, -3.1605e+02, -3.3328e+02,
         -3.6569e+02, -4.0374e+02, -4.2012e+02, -4.3164e+02, -3.3695e+02,
         -1.1335e+02,  5.7906e+01,  2.1361e+01,  3.8969e-01,  3.8969e-01,
          3.8969e-01,  3.8969e-01,  3.8969e-01],
        [ 3.8969e-01,  3.8969e-01,  3.8969e-01,  3.8969e-01,  3.8969e-01,
          3.8969e-01,  3.8969e-01, -2.1063e+01, -1.5591e+02, -2.6489e+02,
         -2.8662e+02, -2.9187e+02, -2.7659e+02, -3.0674e+02, -2.7822e+02,
         -2.6828e+02, -2.6746e+02, -3.4901e+02, -4.6912e+02, -4.7427e+02,
         -3.4510e+02, -9.7010e+01,  5.1643e+01,  8.1399e+00,  3.8969e-01,
          3.8969e-01,  3.8969e-01,  3.8969e-01],
        [ 3.8969e-01,  3.8969e-01,  3.8969e-01,  3.8969e-01,  3.8969e-01,
          3.8969e-01,  3.8969e-01, -3.7326e+01, -2.0166e+02, -3.1026e+02,
         -2.8962e+02, -2.0662e+02, -1.5004e+02, -9.1979e+01, -5.1830e+01,
         -3.1904e+01, -2.1497e+01, -4.6747e+01, -2.0347e+02, -4.3882e+02,
         -4.5890e+02, -2.6012e+02, -1.1856e+01,  2.5184e+01,  3.8969e-01,
          3.8969e-01,  3.8969e-01,  3.8969e-01],
        [ 3.8969e-01,  3.8969e-01,  3.8969e-01,  3.8969e-01,  3.8969e-01,
          3.8969e-01,  3.8969e-01, -4.1300e+01, -2.0416e+02, -2.7991e+02,
         -2.3321e+02, -1.7052e+02, -1.1617e+02, -1.4496e+01, -6.4539e+00,
         -3.1357e+00,  5.0478e-01,  7.9859e+00, -1.4239e+00, -2.3347e+02,
         -4.5722e+02, -3.5722e+02, -1.3407e+02,  2.5509e+01,  3.8969e-01,
          3.8969e-01,  3.8969e-01,  3.8969e-01],
        [ 3.8969e-01,  3.8969e-01,  3.8969e-01,  3.8969e-01,  3.8969e-01,
          3.8969e-01,  3.8969e-01, -1.0750e+02, -2.2223e+02, -1.7671e+02,
         -1.6270e+02, -1.0200e+02, -3.1045e+01,  3.8969e-01,  3.8969e-01,
          3.8969e-01,  3.8969e-01,  3.8969e-01,  8.1008e+00, -9.4878e+01,
         -3.1949e+02, -4.0600e+02, -2.0297e+02, -1.1332e+01,  3.8969e-01,
          3.8969e-01,  3.8969e-01,  3.8969e-01],
        [ 3.8969e-01,  3.8969e-01,  3.8969e-01,  3.8969e-01,  3.8969e-01,
          3.8969e-01, -1.6573e+01, -1.5423e+02, -2.7300e+02, -2.0791e+02,
         -1.5095e+02, -7.6527e+01,  3.8969e-01,  3.8969e-01,  3.8969e-01,
          3.8969e-01,  3.8969e-01,  3.8969e-01,  3.8969e-01, -6.2910e+01,
         -2.3637e+02, -3.9634e+02, -2.2397e+02, -6.6381e+01,  3.8969e-01,
          3.8969e-01,  3.8969e-01,  3.8969e-01],
        [ 3.8969e-01,  3.8969e-01,  3.8969e-01,  3.8969e-01,  3.8969e-01,
          3.8969e-01, -7.0202e+01, -1.9989e+02, -2.1594e+02, -1.9236e+02,
         -1.4807e+02, -6.1934e+01,  3.8969e-01,  3.8969e-01,  3.8969e-01,
          3.8969e-01,  3.8969e-01,  3.8969e-01,  3.8969e-01, -5.1987e+01,
         -2.0867e+02, -3.3577e+02, -2.1752e+02, -8.2832e+01,  3.8969e-01,
          3.8969e-01,  3.8969e-01,  3.8969e-01],
        [ 3.8969e-01,  3.8969e-01,  3.8969e-01,  3.8969e-01,  3.8969e-01,
          3.8969e-01, -1.3307e+02, -2.5606e+02, -1.8025e+02, -1.6552e+02,
         -1.3032e+02, -1.6650e+01,  3.8969e-01,  3.8969e-01,  3.8969e-01,
          3.8969e-01,  3.8969e-01,  3.8969e-01,  3.8969e-01, -5.5785e+01,
         -2.1627e+02, -3.1638e+02, -2.1752e+02, -8.2832e+01,  3.8969e-01,
          3.8969e-01,  3.8969e-01,  3.8969e-01],
        [ 3.8969e-01,  3.8969e-01,  3.8969e-01,  3.8969e-01,  3.8969e-01,
          3.8969e-01, -1.4779e+02, -2.6798e+02, -1.8745e+02, -1.2856e+02,
         -8.3017e+01,  3.8969e-01,  3.8969e-01,  3.8969e-01,  3.8969e-01,
          3.8969e-01,  3.8969e-01,  3.8969e-01,  3.8969e-01, -5.5785e+01,
         -2.1627e+02, -3.1638e+02, -2.1752e+02, -8.2832e+01,  3.8969e-01,
          3.8969e-01,  3.8969e-01,  3.8969e-01],
        [ 3.8969e-01,  3.8969e-01,  3.8969e-01,  3.8969e-01,  3.8969e-01,
         -5.0981e+00, -1.4663e+02, -2.4524e+02, -1.8375e+02, -8.2202e+01,
         -1.7237e+01,  3.8969e-01,  3.8969e-01,  3.8969e-01,  3.8969e-01,
          3.8969e-01,  3.8969e-01,  3.8969e-01,  3.8969e-01, -5.5785e+01,
         -2.1627e+02, -3.1638e+02, -2.1752e+02, -8.2832e+01,  3.8969e-01,
          3.8969e-01,  3.8969e-01,  3.8969e-01],
        [ 3.8969e-01,  3.8969e-01,  3.8969e-01,  3.8969e-01,  3.8969e-01,
         -5.1003e+01, -1.8240e+02, -2.2118e+02, -1.7862e+02, -7.7362e+01,
          3.8969e-01,  3.8969e-01,  3.8969e-01,  3.8969e-01,  3.8969e-01,
          3.8969e-01,  3.8969e-01,  3.8969e-01,  3.8969e-01, -9.4699e+01,
         -2.2630e+02, -2.7882e+02, -2.1700e+02, -8.4656e+01,  3.8969e-01,
          3.8969e-01,  3.8969e-01,  3.8969e-01],
        [ 3.8969e-01,  3.8969e-01,  3.8969e-01,  3.8969e-01,  3.8969e-01,
         -7.0154e+01, -2.3610e+02, -2.9096e+02, -1.9943e+02, -7.7362e+01,
          3.8969e-01,  3.8969e-01,  3.8969e-01,  3.8969e-01,  3.8969e-01,
          3.8969e-01,  3.8969e-01,  3.8969e-01, -2.5054e+01, -1.5691e+02,
         -2.5523e+02, -2.1953e+02, -1.9759e+02, -1.4353e+02,  3.8969e-01,
          3.8969e-01,  3.8969e-01,  3.8969e-01],
        [ 3.8969e-01,  3.8969e-01,  3.8969e-01,  3.8969e-01,  3.8969e-01,
         -6.5147e+01, -2.2407e+02, -3.1249e+02, -2.0972e+02, -7.7362e+01,
          3.8969e-01,  3.8969e-01,  3.8969e-01,  3.8969e-01,  3.8969e-01,
          3.8969e-01,  3.8969e-01, -2.5054e+01, -1.0009e+02, -1.9683e+02,
         -2.3641e+02, -2.0392e+02, -1.4296e+02, -1.0065e+02,  3.8969e-01,
          3.8969e-01,  3.8969e-01,  3.8969e-01],
        [ 3.8969e-01,  3.8969e-01,  3.8969e-01,  3.8969e-01,  3.8969e-01,
         -4.9183e+01, -2.1347e+02, -3.2540e+02, -2.1564e+02, -7.7362e+01,
          3.8969e-01,  3.8969e-01,  3.8969e-01,  3.8969e-01,  3.8969e-01,
          3.8969e-01, -1.1070e+00, -9.4909e+01, -2.0876e+02, -2.2549e+02,
         -1.8705e+02, -1.8688e+02, -1.5049e+02, -2.3855e+01,  3.8969e-01,
          3.8969e-01,  3.8969e-01,  3.8969e-01],
        [ 3.8969e-01,  3.8969e-01,  3.8969e-01,  3.8969e-01,  3.8969e-01,
         -8.9791e+00, -1.7115e+02, -3.3425e+02, -2.3254e+02, -7.3553e+01,
          9.5076e+00,  3.8969e-01,  3.8969e-01,  3.8969e-01, -2.2559e+01,
         -8.1360e+01, -9.9651e+01, -1.1969e+02, -2.0175e+02, -2.1131e+02,
         -1.7625e+02, -1.7821e+02, -8.6842e+01, -7.8543e-01,  3.8969e-01,
          3.8969e-01,  3.8969e-01,  3.8969e-01],
        [ 3.8969e-01,  3.8969e-01,  3.8969e-01,  3.8969e-01,  3.8969e-01,
          4.1877e+00, -1.3357e+02, -2.9881e+02, -3.2303e+02, -1.8694e+02,
         -3.0620e+01, -3.0505e+01, -3.0505e+01, -3.0505e+01, -6.8405e+01,
         -1.3407e+02, -2.0570e+02, -2.7488e+02, -2.6629e+02, -2.1756e+02,
         -1.4975e+02, -9.0233e+01, -1.5768e+01,  3.8969e-01,  3.8969e-01,
          3.8969e-01,  3.8969e-01,  3.8969e-01],
        [ 3.8969e-01,  3.8969e-01,  3.8969e-01,  3.8969e-01,  3.8969e-01,
          3.8969e-01, -7.6369e+01, -2.4950e+02, -4.5574e+02, -4.1807e+02,
         -3.0065e+02, -2.8151e+02, -2.8151e+02, -2.8151e+02, -2.9137e+02,
         -3.1319e+02, -3.4312e+02, -3.1318e+02, -2.2695e+02, -2.0309e+02,
         -1.5865e+02, -2.3647e+01,  3.8969e-01,  3.8969e-01,  3.8969e-01,
          3.8969e-01,  3.8969e-01,  3.8969e-01],
        [ 3.8969e-01,  3.8969e-01,  3.8969e-01,  3.8969e-01,  3.8969e-01,
          3.8969e-01, -5.7148e+00, -6.3968e+01, -3.4358e+02, -4.9143e+02,
         -4.2837e+02, -4.0126e+02, -4.0126e+02, -4.0126e+02, -3.4771e+02,
         -3.0239e+02, -2.9903e+02, -2.7791e+02, -2.3290e+02, -1.1615e+02,
         -4.4288e+01, -2.5481e+00,  3.8969e-01,  3.8969e-01,  3.8969e-01,
          3.8969e-01,  3.8969e-01,  3.8969e-01],
        [ 3.8969e-01,  3.8969e-01,  3.8969e-01,  3.8969e-01,  3.8969e-01,
          3.8969e-01,  5.0509e+00,  1.5604e+01, -4.7065e+01, -2.0226e+02,
         -3.4230e+02, -3.6662e+02, -3.6662e+02, -3.6662e+02, -3.4366e+02,
         -2.7772e+02, -1.7286e+02, -9.7278e+01, -5.4533e+01, -3.4864e+01,
          3.8969e-01,  3.8969e-01,  3.8969e-01,  3.8969e-01,  3.8969e-01,
          3.8969e-01,  3.8969e-01,  3.8969e-01],
        [ 3.8969e-01,  3.8969e-01,  3.8969e-01,  3.8969e-01,  3.8969e-01,
          3.8969e-01,  3.8969e-01,  1.8859e+00,  1.5469e+01,  3.1557e+01,
         -1.7430e+01, -3.0357e+01, -3.0357e+01, -3.0357e+01, -3.6169e+01,
         -5.0622e+01, -3.2579e+01, -3.0163e+01,  3.8969e-01,  3.8969e-01,
          3.8969e-01,  3.8969e-01,  3.8969e-01,  3.8969e-01,  3.8969e-01,
          3.8969e-01,  3.8969e-01,  3.8969e-01],
        [ 3.8969e-01,  3.8969e-01,  3.8969e-01,  3.8969e-01,  3.8969e-01,
          3.8969e-01,  3.8969e-01,  3.8969e-01,  3.8969e-01,  3.8969e-01,
          3.8969e-01,  3.8969e-01,  3.8969e-01,  3.8969e-01,  3.8969e-01,
          3.8969e-01,  3.8969e-01,  3.8969e-01,  3.8969e-01,  3.8969e-01,
          3.8969e-01,  3.8969e-01,  3.8969e-01,  3.8969e-01,  3.8969e-01,
          3.8969e-01,  3.8969e-01,  3.8969e-01],
        [ 3.8969e-01,  3.8969e-01,  3.8969e-01,  3.8969e-01,  3.8969e-01,
          3.8969e-01,  3.8969e-01,  3.8969e-01,  3.8969e-01,  3.8969e-01,
          3.8969e-01,  3.8969e-01,  3.8969e-01,  3.8969e-01,  3.8969e-01,
          3.8969e-01,  3.8969e-01,  3.8969e-01,  3.8969e-01,  3.8969e-01,
          3.8969e-01,  3.8969e-01,  3.8969e-01,  3.8969e-01,  3.8969e-01,
          3.8969e-01,  3.8969e-01,  3.8969e-01],
        [ 3.8969e-01,  3.8969e-01,  3.8969e-01,  3.8969e-01,  3.8969e-01,
          3.8969e-01,  3.8969e-01,  3.8969e-01,  3.8969e-01,  3.8969e-01,
          3.8969e-01,  3.8969e-01,  3.8969e-01,  3.8969e-01,  3.8969e-01,
          3.8969e-01,  3.8969e-01,  3.8969e-01,  3.8969e-01,  3.8969e-01,
          3.8969e-01,  3.8969e-01,  3.8969e-01,  3.8969e-01,  3.8969e-01,
          3.8969e-01,  3.8969e-01,  3.8969e-01]], grad_fn=<UnbindBackward>)
