[[[2.66421179e-04 2.66421179e-04 2.66421179e-04 ... 2.66421179e-04
   2.66421179e-04 2.66421179e-04]
  [2.66421179e-04 2.66421179e-04 2.66421179e-04 ... 2.66421179e-04
   2.66421179e-04 2.66421179e-04]
  [2.66421179e-04 2.66421179e-04 2.66421179e-04 ... 2.66421179e-04
   2.66421179e-04 2.66421179e-04]
  ...
  [2.66421179e-04 2.66421179e-04 2.66421179e-04 ... 2.66421179e-04
   2.66421179e-04 2.66421179e-04]
  [2.66421179e-04 2.66421179e-04 2.66421179e-04 ... 2.66421179e-04
   2.66421179e-04 2.66421179e-04]
  [2.66421179e-04 2.66421179e-04 2.66421179e-04 ... 2.66421179e-04
   2.66421179e-04 2.66421179e-04]]

 [[5.64919971e-03 5.64919971e-03 5.64919971e-03 ... 5.64919971e-03
   5.64919971e-03 5.64919971e-03]
  [5.64919971e-03 5.64919971e-03 5.64919971e-03 ... 5.64919971e-03
   5.64919971e-03 5.64919971e-03]
  [5.64919971e-03 5.64919971e-03 5.64919971e-03 ... 5.64919971e-03
   5.64919971e-03 5.64919971e-03]
  ...
  [5.64919971e-03 5.64919971e-03 5.64919971e-03 ... 5.64919971e-03
   5.64919971e-03 5.64919971e-03]
  [5.64919971e-03 5.64919971e-03 5.64919971e-03 ... 5.64919971e-03
   5.64919971e-03 5.64919971e-03]
  [5.64919971e-03 5.64919971e-03 5.64919971e-03 ... 5.64919971e-03
   5.64919971e-03 5.64919971e-03]]

 [[1.85689986e-01 1.85689986e-01 1.85689986e-01 ... 1.85689986e-01
   1.85689986e-01 1.85689986e-01]
  [1.85689986e-01 1.85689986e-01 1.85689986e-01 ... 1.85689986e-01
   1.85689986e-01 1.85689986e-01]
  [1.85689986e-01 1.85689986e-01 1.85689986e-01 ... 1.85689986e-01
   1.85689986e-01 1.85689986e-01]
  ...
  [1.85689986e-01 1.85689986e-01 1.85689986e-01 ... 1.85689986e-01
   1.85689986e-01 1.85689986e-01]
  [1.85689986e-01 1.85689986e-01 1.85689986e-01 ... 1.85689986e-01
   1.85689986e-01 1.85689986e-01]
  [1.85689986e-01 1.85689986e-01 1.85689986e-01 ... 1.85689986e-01
   1.85689986e-01 1.85689986e-01]]

 [[3.89690638e-01 3.89690638e-01 3.89690638e-01 ... 3.89690638e-01
   3.89690638e-01 3.89690638e-01]
  [3.89690638e-01 3.89690638e-01 3.89690638e-01 ... 3.89690638e-01
   3.89690638e-01 3.89690638e-01]
  [3.89690638e-01 3.89690638e-01 3.89690638e-01 ... 3.89690638e-01
   3.89690638e-01 3.89690638e-01]
  ...
  [3.89690638e-01 3.89690638e-01 3.89690638e-01 ... 3.89690638e-01
   3.89690638e-01 3.89690638e-01]
  [3.89690638e-01 3.89690638e-01 3.89690638e-01 ... 3.89690638e-01
   3.89690638e-01 3.89690638e-01]
  [3.89690638e-01 3.89690638e-01 3.89690638e-01 ... 3.89690638e-01
   3.89690638e-01 3.89690638e-01]]]
