0.0002664211788214743
0.0002664211788214743
0.0002664211788214743
0.0002664211788214743
0.0002664211788214743
0.0002664211788214743
0.0002664211788214743
0.0002664211788214743
0.0002664211788214743
0.0002664211788214743
0.0002664211788214743
0.0002664211788214743
0.0002664211788214743
0.0002664211788214743
0.0002664211788214743
0.0002664211788214743
0.0002664211788214743
0.0002664211788214743
0.0002664211788214743
0.0002664211788214743
0.0002664211788214743
0.0002664211788214743
0.0002664211788214743
0.0002664211788214743
0.0002664211788214743
0.0002664211788214743
0.0002664211788214743
0.0002664211788214743
0.0002664211788214743
0.0002664211788214743
0.0002664211788214743
0.0002664211788214743
0.0002664211788214743
0.0002664211788214743
0.0002664211788214743
0.0002664211788214743
0.0002664211788214743
0.0002664211788214743
0.0002664211788214743
0.0002664211788214743
0.0002664211788214743
0.0002664211788214743
0.0002664211788214743
0.0002664211788214743
0.0002664211788214743
0.0002664211788214743
0.0002664211788214743
0.0002664211788214743
0.0002664211788214743
0.0002664211788214743
0.0002664211788214743
0.0002664211788214743
0.0002664211788214743
0.0002664211788214743
0.0002664211788214743
0.0002664211788214743
0.0002664211788214743
0.0002664211788214743
0.0002664211788214743
0.0002664211788214743
0.0002664211788214743
0.0002664211788214743
0.0002664211788214743
0.0002664211788214743
0.0002664211788214743
0.0002664211788214743
0.0002664211788214743
0.0002664211788214743
0.0002664211788214743
0.0002664211788214743
0.0002664211788214743
0.0002664211788214743
0.0002664211788214743
0.0002664211788214743
0.0002664211788214743
0.0002664211788214743
0.0002664211788214743
0.0002664211788214743
0.0002664211788214743
0.0002664211788214743
0.0002664211788214743
0.0002664211788214743
0.0002664211788214743
0.0002664211788214743
0.0002664211788214743
0.0002664211788214743
0.0002664211788214743
0.0002664211788214743
0.0002664211788214743
0.0002664211788214743
0.0002664211788214743
0.0002664211788214743
0.0002664211788214743
0.0002664211788214743
0.0002664211788214743
0.0002664211788214743
0.0002664211788214743
0.0002664211788214743
0.0002664211788214743
0.0
0.0
0.0
104.35378204617882
70.64085327420617
0.0002664211788214743
0.0002664211788214743
0.0002664211788214743
0.0002664211788214743
0.0002664211788214743
0.0002664211788214743
0.0002664211788214743
0.0002664211788214743
0.0002664211788214743
0.0002664211788214743
0.0002664211788214743
0.0002664211788214743
0.0002664211788214743
0.0002664211788214743
0.0002664211788214743
0.0002664211788214743
0.0002664211788214743
0.0002664211788214743
0.0002664211788214743
0.0002664211788214743
0.0002664211788214743
0.0002664211788214743
0.0002664211788214743
1.9044505241909064
3.677440989355091
105.15858637128258
124.15163360867882
21.120669710973743
0.0002664211788214743
0.0002664211788214743
0.0002664211788214743
0.0002664211788214743
0.0002664211788214743
0.0002664211788214743
0.0002664211788214743
0.0002664211788214743
0.0002664211788214743
0.0002664211788214743
0.0002664211788214743
0.0002664211788214743
0.0002664211788214743
0.0002664211788214743
0.0002664211788214743
0.0002664211788214743
0.0002664211788214743
0.0002664211788214743
0.0002664211788214743
0.0002664211788214743
0.0002664211788214743
0.0002664211788214743
0.0002664211788214743
42.77047382626915
275.47421966824913
386.2440684917965
380.111022341589
53.90471779141808
0.0002664211788214743
0.0002664211788214743
0.0002664211788214743
0.0002664211788214743
0.0002664211788214743
0.0002664211788214743
0.0002664211788214743
0.0002664211788214743
0.0002664211788214743
0.0002664211788214743
0.0002664211788214743
0.0002664211788214743
0.0002664211788214743
0.0002664211788214743
0.0002664211788214743
0.0002664211788214743
0.0002664211788214743
0.0002664211788214743
0.0002664211788214743
0.0002664211788214743
0.0002664211788214743
0.0002664211788214743
0.0
67.12458835873986
304.58634840283776
482.8885072353878
248.42939697537804
58.67497955594445
0.0002664211788214743
0.0002664211788214743
0.0002664211788214743
0.0002664211788214743
0.0002664211788214743
0.0002664211788214743
0.0002664211788214743
0.0002664211788214743
0.0002664211788214743
0.0002664211788214743
0.0002664211788214743
0.0002664211788214743
0.0002664211788214743
0.0002664211788214743
0.0002664211788214743
0.0002664211788214743
0.0002664211788214743
0.0002664211788214743
0.0002664211788214743
0.0002664211788214743
0.0002664211788214743
0.0002664211788214743
2.8834661129512824
138.1305669430294
397.23903666768456
388.4361718777218
169.20859466824913
0.0002664211788214743
0.0002664211788214743
0.0002664211788214743
0.0002664211788214743
0.0002664211788214743
0.0002664211788214743
0.0002664211788214743
0.0002664211788214743
0.0002664211788214743
0.0002664211788214743
0.0002664211788214743
0.0002664211788214743
0.0002664211788214743
0.0002664211788214743
0.0002664211788214743
0.0002664211788214743
0.0002664211788214743
0.0002664211788214743
0.0002664211788214743
0.0002664211788214743
0.0002664211788214743
0.0002664211788214743
0.0002664211788214743
46.86625753674889
231.0663465145626
478.3080164078274
361.3896459225216
95.95276819501305
0.0002664211788214743
0.0002664211788214743
0.0002664211788214743
0.0002664211788214743
0.0002664211788214743
0.0002664211788214743
0.0002664211788214743
0.0002664211788214743
0.0002664211788214743
0.0002664211788214743
0.0002664211788214743
0.0002664211788214743
0.0002664211788214743
0.0002664211788214743
0.0002664211788214743
0.0002664211788214743
0.0002664211788214743
0.0002664211788214743
0.0002664211788214743
0.0002664211788214743
0.0002664211788214743
0.0002664211788214743
0.0
79.53852020535851
336.2339490536251
401.96572684083367
296.41220413480187
41.848036158422474
0.0002664211788214743
0.0002664211788214743
0.0002664211788214743
0.0002664211788214743
0.0002664211788214743
0.0002664211788214743
0.0002664211788214743
0.0002664211788214743
0.0002664211788214743
0.0002664211788214743
0.0002664211788214743
0.0002664211788214743
0.0002664211788214743
0.0002664211788214743
0.0002664211788214743
0.0002664211788214743
0.0002664211788214743
0.0002664211788214743
0.0002664211788214743
0.0002664211788214743
0.0002664211788214743
0.0002664211788214743
0.8860441330471076
187.65851913724327
436.4190143230953
410.73518978391076
228.07971702847863
7.871264803747181
0.0002664211788214743
0.0002664211788214743
0.0002664211788214743
0.0002664211788214743
0.0002664211788214743
0.0002664211788214743
0.0002664211788214743
0.0002664211788214743
0.0002664211788214743
0.0002664211788214743
0.0002664211788214743
0.0002664211788214743
0.0002664211788214743
0.0002664211788214743
0.0002664211788214743
0.0002664211788214743
0.0002664211788214743
0.0002664211788214743
0.0002664211788214743
0.0002664211788214743
0.0002664211788214743
0.0002664211788214743
37.88083683286095
275.4103215817013
490.9876009110012
483.54769073758507
147.17295776639367
0.0002664211788214743
0.0002664211788214743
0.0002664211788214743
0.0002664211788214743
0.0002664211788214743
0.0002664211788214743
0.0002664211788214743
0.0002664211788214743
0.0002664211788214743
0.0002664211788214743
0.0002664211788214743
0.0002664211788214743
0.0002664211788214743
0.0002664211788214743
0.0002664211788214743
0.0002664211788214743
0.0002664211788214743
0.0002664211788214743
0.0002664211788214743
0.0002664211788214743
0.0002664211788214743
0.0002664211788214743
0.0
68.99057232175255
325.7355292919674
580.1882737759151
391.79926191602135
122.0951369885006
0.0002664211788214743
0.0002664211788214743
0.0002664211788214743
0.0002664211788214743
0.0002664211788214743
0.0002664211788214743
0.0002664211788214743
0.0002664211788214743
0.0002664211788214743
0.0002664211788214743
0.0002664211788214743
0.0002664211788214743
0.0002664211788214743
0.0002664211788214743
0.0002664211788214743
0.0002664211788214743
0.0002664211788214743
0.0002664211788214743
0.0002664211788214743
0.0002664211788214743
0.0002664211788214743
0.0002664211788214743
3.0711711529293098
128.7736104610958
432.39987980161095
460.2486293200054
273.5443919781246
52.74701248441124
0.0002664211788214743
0.0002664211788214743
0.0002664211788214743
0.0002664211788214743
0.0002664211788214743
0.0002664211788214743
0.0002664211788214743
0.0002664211788214743
0.0002664211788214743
0.0002664211788214743
0.0002664211788214743
0.0002664211788214743
0.0002664211788214743
0.0002664211788214743
0.0002664211788214743
0.0002664211788214743
0.0002664211788214743
0.0002664211788214743
0.0002664211788214743
0.0002664211788214743
0.0002664211788214743
0.0002664211788214743
64.37859951291466
276.3704064968624
498.134208309988
448.68937145505333
154.77606092725182
5.724628794530872
0.0002664211788214743
0.0002664211788214743
0.0002664211788214743
0.0002664211788214743
0.0002664211788214743
0.0002664211788214743
0.0002664211788214743
0.0002664211788214743
0.0002664211788214743
0.0002664211788214743
0.0002664211788214743
0.0002664211788214743
0.0002664211788214743
0.0002664211788214743
0.0002664211788214743
0.0002664211788214743
0.0002664211788214743
0.0002664211788214743
0.0002664211788214743
0.0002664211788214743
0.0002664211788214743
0.0
118.99199425015831
345.46217190061
555.6877053860226
391.1264794949093
94.26903091702843
0.0002664211788214743
0.0002664211788214743
0.0002664211788214743
0.0002664211788214743
0.0002664211788214743
0.0002664211788214743
0.0002664211788214743
0.0002664211788214743
0.0002664211788214743
0.0002664211788214743
0.0002664211788214743
0.0002664211788214743
0.0002664211788214743
0.0002664211788214743
0.0002664211788214743
0.0002664211788214743
0.0002664211788214743
0.0002664211788214743
0.0002664211788214743
0.0002664211788214743
0.0002664211788214743
0.0002664211788214743
0.0
135.53677498135949
453.5694917324581
496.79451690946007
262.82294021878624
57.95943390164757
0.0002664211788214743
0.0002664211788214743
0.0002664211788214743
0.0002664211788214743
0.0002664211788214743
0.0002664211788214743
0.0002664211788214743
0.0002664211788214743
0.0002664211788214743
0.0002664211788214743
0.0002664211788214743
0.0002664211788214743
0.0002664211788214743
0.0002664211788214743
0.0002664211788214743
0.0002664211788214743
0.0002664211788214743
0.0002664211788214743
0.0002664211788214743
0.0002664211788214743
0.0002664211788214743
0.0002664211788214743
33.02005039487267
262.77936683926964
466.2327126148739
404.680976260046
199.1586259487667
0.0002664211788214743
0.0002664211788214743
0.0002664211788214743
0.0002664211788214743
0.0002664211788214743
0.0002664211788214743
0.0002664211788214743
0.0002664211788214743
0.0002664211788214743
0.0002664211788214743
0.0002664211788214743
0.0002664211788214743
0.0002664211788214743
0.0002664211788214743
0.0002664211788214743
0.0002664211788214743
0.0002664211788214743
0.0002664211788214743
0.0002664211788214743
0.0002664211788214743
0.0002664211788214743
0.0002664211788214743
0.0002664211788214743
126.05771099362755
313.01915298734093
533.7985876682797
421.3594316128292
114.82836853299523
0.0002664211788214743
0.0002664211788214743
0.0002664211788214743
0.0002664211788214743
0.0002664211788214743
0.0002664211788214743
0.0002664211788214743
0.0002664211788214743
0.0002664211788214743
0.0002664211788214743
0.0002664211788214743
0.0002664211788214743
0.0002664211788214743
0.0002664211788214743
0.0002664211788214743
0.0002664211788214743
0.0002664211788214743
0.0002664211788214743
0.0002664211788214743
0.0002664211788214743
0.0002664211788214743
0.0002664211788214743
0.0
130.86116634641076
412.6721337917843
522.4758375767269
356.3850129726925
124.99139534268761
0.0002664211788214743
0.0002664211788214743
0.0002664211788214743
0.0002664211788214743
0.0002664211788214743
0.0002664211788214743
0.0002664211788214743
0.0002664211788214743
0.0002664211788214743
0.0002664211788214743
0.0002664211788214743
0.0002664211788214743
0.0002664211788214743
0.0002664211788214743
0.0002664211788214743
0.0002664211788214743
0.0002664211788214743
0.0002664211788214743
0.0002664211788214743
0.0002664211788214743
0.0002664211788214743
0.0002664211788214743
3.0126665714778937
208.17608963284874
502.7625068310299
529.3464852455654
320.8077980164089
29.78099154267693
0.0002664211788214743
0.0002664211788214743
0.0002664211788214743
0.0002664211788214743
0.0002664211788214743
0.0002664211788214743
0.0002664211788214743
0.0002664211788214743
0.0002664211788214743
0.0002664211788214743
0.0002664211788214743
0.0002664211788214743
0.0002664211788214743
0.0002664211788214743
0.0002664211788214743
0.0002664211788214743
0.0002664211788214743
0.0002664211788214743
0.0002664211788214743
0.0002664211788214743
0.0002664211788214743
0.0
63.35459696088219
286.40556370053673
581.4002624634304
547.2224336746731
235.7290366772213
46.34491573605919
0.0002664211788214743
0.0002664211788214743
0.0002664211788214743
0.0002664211788214743
0.0002664211788214743
0.0002664211788214743
0.0002664211788214743
0.0002664211788214743
0.0002664211788214743
0.0002664211788214743
0.0002664211788214743
0.0002664211788214743
0.0002664211788214743
0.0002664211788214743
0.0002664211788214743
0.0002664211788214743
0.0002664211788214743
0.0002664211788214743
0.0002664211788214743
0.0002664211788214743
0.0002664211788214743
1.092247832159046
159.79689227376366
390.5967377308407
596.8422764423885
412.4614771488705
119.14606152806664
2.14690243039513
0.0002664211788214743
0.0002664211788214743
0.0002664211788214743
0.0002664211788214743
0.0002664211788214743
0.0002664211788214743
0.0002664211788214743
0.0002664211788214743
0.0002664211788214743
0.0002664211788214743
0.0002664211788214743
0.0002664211788214743
0.0002664211788214743
0.0002664211788214743
0.0002664211788214743
0.0002664211788214743
0.0002664211788214743
0.0002664211788214743
0.0002664211788214743
0.0002664211788214743
0.0002664211788214743
10.179143417219166
239.01403032575035
526.4799789074459
472.1077571991482
198.98948990140343
83.64344154630089
0.0002664211788214743
0.0002664211788214743
0.0002664211788214743
0.0002664211788214743
0.0002664211788214743
0.0002664211788214743
0.0002664211788214743
0.0002664211788214743
0.0002664211788214743
0.0002664211788214743
0.0002664211788214743
0.0002664211788214743
0.0002664211788214743
0.0002664211788214743
0.0002664211788214743
0.0002664211788214743
0.0002664211788214743
0.0002664211788214743
0.0002664211788214743
0.0002664211788214743
0.0002664211788214743
0.0002664211788214743
4.775434840063099
191.63967191014672
272.35645805631066
240.7330525997677
131.0217226627865
7.155719149450306
0.0002664211788214743
0.0002664211788214743
0.0002664211788214743
0.0002664211788214743
0.0002664211788214743
0.0002664211788214743
0.0002664211788214743
0.0002664211788214743
0.0002664211788214743
0.0002664211788214743
0.0002664211788214743
0.0002664211788214743
0.0002664211788214743
0.0002664211788214743
0.0002664211788214743
0.0002664211788214743
0.0002664211788214743
0.0002664211788214743
0.0002664211788214743
0.0002664211788214743
0.0002664211788214743
0.0002664211788214743
0.0002664211788214743
0.0002664211788214743
0.0002664211788214743
0.0002664211788214743
0.0002664211788214743
0.0002664211788214743
0.0002664211788214743
0.0002664211788214743
0.0002664211788214743
0.0002664211788214743
0.0002664211788214743
0.0002664211788214743
0.0002664211788214743
0.0002664211788214743
0.0002664211788214743
0.0002664211788214743
0.0002664211788214743
0.0002664211788214743
0.0002664211788214743
0.0002664211788214743
0.0002664211788214743
0.0002664211788214743
0.0002664211788214743
0.0002664211788214743
0.0002664211788214743
0.0002664211788214743
0.0002664211788214743
0.0002664211788214743
0.0002664211788214743
0.0002664211788214743
0.0002664211788214743
0.0002664211788214743
0.0002664211788214743
0.0002664211788214743
0.0002664211788214743
0.0002664211788214743
0.0002664211788214743
0.0002664211788214743
0.0002664211788214743
0.0002664211788214743
0.0002664211788214743
0.0002664211788214743
0.0002664211788214743
0.0002664211788214743
0.0002664211788214743
0.0002664211788214743
0.0002664211788214743
0.0002664211788214743
0.0002664211788214743
0.0002664211788214743
0.0002664211788214743
0.0002664211788214743
0.0002664211788214743
0.0002664211788214743
0.0002664211788214743
0.0002664211788214743
0.0002664211788214743
0.0002664211788214743
0.0002664211788214743
0.0002664211788214743
0.0002664211788214743
0.0002664211788214743
0.0002664211788214743
0.0002664211788214743
0.0002664211788214743
0.0002664211788214743
0.0002664211788214743
0.0002664211788214743
0.0002664211788214743
0.0002664211788214743
0.0002664211788214743
0.0002664211788214743
0.0002664211788214743
0.0002664211788214743
0.0002664211788214743
0.0056491997092962265
0.0056491997092962265
0.0056491997092962265
0.0056491997092962265
0.0056491997092962265
0.0056491997092962265
0.0056491997092962265
0.0056491997092962265
0.0056491997092962265
0.0056491997092962265
0.0056491997092962265
0.0056491997092962265
0.0056491997092962265
0.0056491997092962265
0.0056491997092962265
0.0056491997092962265
0.0056491997092962265
0.0056491997092962265
0.0056491997092962265
0.0056491997092962265
0.0056491997092962265
0.0056491997092962265
0.0056491997092962265
0.0056491997092962265
0.0056491997092962265
0.0056491997092962265
0.0056491997092962265
0.0056491997092962265
0.0056491997092962265
0.0056491997092962265
0.0056491997092962265
0.0056491997092962265
0.0056491997092962265
0.0056491997092962265
0.0056491997092962265
0.0056491997092962265
0.0056491997092962265
0.0056491997092962265
0.0056491997092962265
0.0056491997092962265
0.0056491997092962265
0.0056491997092962265
0.0056491997092962265
0.0056491997092962265
0.0056491997092962265
0.0056491997092962265
0.0056491997092962265
0.0056491997092962265
0.0056491997092962265
0.0056491997092962265
0.0056491997092962265
0.0056491997092962265
0.0056491997092962265
0.0056491997092962265
0.0056491997092962265
0.0056491997092962265
0.0056491997092962265
0.0056491997092962265
0.0056491997092962265
0.0056491997092962265
0.0056491997092962265
0.0056491997092962265
0.0056491997092962265
0.0056491997092962265
0.0056491997092962265
0.0056491997092962265
0.0056491997092962265
0.0056491997092962265
0.0056491997092962265
0.0056491997092962265
0.0056491997092962265
0.0056491997092962265
0.0056491997092962265
0.0056491997092962265
0.0056491997092962265
0.0056491997092962265
0.0056491997092962265
0.0056491997092962265
0.0056491997092962265
0.0056491997092962265
0.0056491997092962265
0.0056491997092962265
0.0056491997092962265
0.0056491997092962265
0.0056491997092962265
0.0056491997092962265
0.0056491997092962265
0.0056491997092962265
0.0056491997092962265
0.0056491997092962265
0.0056491997092962265
0.0056491997092962265
0.0056491997092962265
0.0056491997092962265
0.0056491997092962265
0.0056491997092962265
0.0056491997092962265
0.0056491997092962265
0.0056491997092962265
30.792647948488593
232.9041629936546
273.9132887031883
107.03079186938703
12.560947051271796
0.0056491997092962265
0.0056491997092962265
0.0056491997092962265
0.0056491997092962265
0.0056491997092962265
0.0056491997092962265
0.0056491997092962265
0.0056491997092962265
0.0056491997092962265
0.0056491997092962265
0.0056491997092962265
0.0056491997092962265
0.0056491997092962265
0.0056491997092962265
0.0056491997092962265
0.0056491997092962265
0.0056491997092962265
0.0056491997092962265
0.0056491997092962265
0.0056491997092962265
0.0056491997092962265
0.0056491997092962265
0.0056491997092962265
104.45098077319562
511.9626060631126
506.932180037722
328.9918190147728
90.01468526385725
0.0056491997092962265
0.0056491997092962265
0.0056491997092962265
0.0056491997092962265
0.0056491997092962265
0.0056491997092962265
0.0056491997092962265
0.0056491997092962265
0.0056491997092962265
0.0056491997092962265
0.0056491997092962265
0.0056491997092962265
0.0056491997092962265
0.0056491997092962265
0.0056491997092962265
0.0056491997092962265
0.0056491997092962265
0.0056491997092962265
0.0056491997092962265
0.0056491997092962265
0.0056491997092962265
0.0056491997092962265
0.0056491997092962265
204.45352899096906
678.4855559971184
525.9470320846885
308.0902553703636
79.90961228869855
0.0056491997092962265
0.0056491997092962265
0.0056491997092962265
0.0056491997092962265
0.0056491997092962265
0.0056491997092962265
0.0056491997092962265
0.0056491997092962265
0.0056491997092962265
0.0056491997092962265
0.0056491997092962265
0.0056491997092962265
0.0056491997092962265
0.0056491997092962265
0.0056491997092962265
0.0056491997092962265
0.0056491997092962265
0.0056491997092962265
0.0056491997092962265
0.0056491997092962265
0.0056491997092962265
0.0056491997092962265
36.46393548510969
390.1045032646507
704.5300284530967
426.5585571434349
246.55905257724226
14.522174468263984
0.0056491997092962265
0.0056491997092962265
0.0056491997092962265
0.0056491997092962265
0.0056491997092962265
0.0056491997092962265
0.0056491997092962265
0.0056491997092962265
0.0056491997092962265
0.0056491997092962265
0.0056491997092962265
0.0056491997092962265
0.0056491997092962265
0.0056491997092962265
0.0056491997092962265
0.0056491997092962265
0.0056491997092962265
0.0056491997092962265
0.0056491997092962265
0.0056491997092962265
0.0056491997092962265
0.0056491997092962265
108.27609216235578
567.5018478538841
650.1382156517357
371.5915275719017
160.79437457583845
0.0056491997092962265
0.0056491997092962265
0.0056491997092962265
0.0056491997092962265
0.0056491997092962265
0.0056491997092962265
0.0056491997092962265
0.0056491997092962265
0.0056491997092962265
0.0056491997092962265
0.0056491997092962265
0.0056491997092962265
0.0056491997092962265
0.0056491997092962265
0.0056491997092962265
0.0056491997092962265
0.0056491997092962265
0.0056491997092962265
0.0056491997092962265
0.0056491997092962265
0.0056491997092962265
0.0056491997092962265
0.0056491997092962265
259.2461563255638
708.0123172905296
530.6566730644554
307.47728501819074
74.39169894717634
0.0056491997092962265
0.0056491997092962265
0.0056491997092962265
0.0056491997092962265
0.0056491997092962265
0.0056491997092962265
0.0056491997092962265
0.0056491997092962265
0.0056491997092962265
0.0056491997092962265
0.0056491997092962265
0.0056491997092962265
0.0056491997092962265
0.0056491997092962265
0.0056491997092962265
0.0056491997092962265
0.0056491997092962265
0.0056491997092962265
0.0056491997092962265
0.0056491997092962265
0.0056491997092962265
0.0056491997092962265
25.931542983278632
447.43921815417707
781.246181121096
516.2456041481346
245.1179548408836
19.288879027590156
0.0056491997092962265
0.0056491997092962265
0.0056491997092962265
0.0056491997092962265
0.0056491997092962265
0.0056491997092962265
0.0056491997092962265
0.0056491997092962265
0.0056491997092962265
0.0056491997092962265
0.0056491997092962265
0.0056491997092962265
0.0056491997092962265
0.0056491997092962265
0.0056491997092962265
0.0056491997092962265
0.0056491997092962265
0.0056491997092962265
0.0056491997092962265
0.0056491997092962265
0.0056491997092962265
0.0056491997092962265
105.57045899890363
608.4248443748802
809.7860218193382
521.1286054756492
222.47097997926176
1.9529880192130804
0.0056491997092962265
0.0056491997092962265
0.0056491997092962265
0.0056491997092962265
0.0056491997092962265
0.0056491997092962265
0.0056491997092962265
0.0056491997092962265
0.0056491997092962265
0.0056491997092962265
0.0056491997092962265
0.0056491997092962265
0.0056491997092962265
0.0056491997092962265
0.0056491997092962265
0.0056491997092962265
0.0056491997092962265
0.0056491997092962265
0.0056491997092962265
0.0056491997092962265
0.0056491997092962265
0.0056491997092962265
212.91840516589582
697.837026944384
753.78385697864
430.2227245476097
191.24148141406476
0.0056491997092962265
0.0056491997092962265
0.0056491997092962265
0.0056491997092962265
0.0056491997092962265
0.0056491997092962265
0.0056491997092962265
0.0056491997092962265
0.0056491997092962265
0.0056491997092962265
0.0056491997092962265
0.0056491997092962265
0.0056491997092962265
0.0056491997092962265
0.0056491997092962265
0.0056491997092962265
0.0056491997092962265
0.0056491997092962265
0.0056491997092962265
0.0056491997092962265
0.0056491997092962265
0.0056491997092962265
46.186149230226874
401.11032449267805
761.1094552185386
603.4811392929405
315.5206595566124
92.36016809009016
0.0056491997092962265
0.0056491997092962265
0.0056491997092962265
0.0056491997092962265
0.0056491997092962265
0.0056491997092962265
0.0056491997092962265
0.0056491997092962265
0.0056491997092962265
0.0056491997092962265
0.0056491997092962265
0.0056491997092962265
0.0056491997092962265
0.0056491997092962265
0.0056491997092962265
0.0056491997092962265
0.0056491997092962265
0.0056491997092962265
0.0056491997092962265
0.0056491997092962265
0.0056491997092962265
0.0056491997092962265
151.4074474480003
598.7885547783226
798.9943014290184
510.5873175766319
225.57682429812849
19.549957862123847
0.0056491997092962265
0.0056491997092962265
0.0056491997092962265
0.0056491997092962265
0.0056491997092962265
0.0056491997092962265
0.0056491997092962265
0.0056491997092962265
0.0056491997092962265
0.0056491997092962265
0.0056491997092962265
0.0056491997092962265
0.0056491997092962265
0.0056491997092962265
0.0056491997092962265
0.0056491997092962265
0.0056491997092962265
0.0056491997092962265
0.0056491997092962265
0.0056491997092962265
0.0056491997092962265
0.0056491997092962265
275.347837081179
729.3830219414085
753.7683941032737
418.79139815829694
168.2190821673721
1.4218956138938665
0.0056491997092962265
0.0056491997092962265
0.0056491997092962265
0.0056491997092962265
0.0056491997092962265
0.0056491997092962265
0.0056491997092962265
0.0056491997092962265
0.0056491997092962265
0.0056491997092962265
0.0056491997092962265
0.0056491997092962265
0.0056491997092962265
0.0056491997092962265
0.0056491997092962265
0.0056491997092962265
0.0056491997092962265
0.0056491997092962265
0.0056491997092962265
0.0056491997092962265
0.0056491997092962265
19.45006906054914
414.4396511223167
779.8883567955345
621.5824009086937
310.72176896594465
89.08422051928937
0.0056491997092962265
0.0056491997092962265
0.0056491997092962265
0.0056491997092962265
0.0056491997092962265
0.0056491997092962265
0.0056491997092962265
0.0056491997092962265
0.0056491997092962265
0.0056491997092962265
0.0056491997092962265
0.0056491997092962265
0.0056491997092962265
0.0056491997092962265
0.0056491997092962265
0.0056491997092962265
0.0056491997092962265
0.0056491997092962265
0.0056491997092962265
0.0056491997092962265
0.0056491997092962265
0.0056491997092962265
118.67573129199445
588.5253597404808
777.5117183830589
507.58633004687726
228.65303575061262
14.345143904909492
0.0056491997092962265
0.0056491997092962265
0.0056491997092962265
0.0056491997092962265
0.0056491997092962265
0.0056491997092962265
0.0056491997092962265
0.0056491997092962265
0.0056491997092962265
0.0056491997092962265
0.0056491997092962265
0.0056491997092962265
0.0056491997092962265
0.0056491997092962265
0.0056491997092962265
0.0056491997092962265
0.0056491997092962265
0.0056491997092962265
0.0056491997092962265
0.0056491997092962265
0.0056491997092962265
0.0056491997092962265
240.52490006946027
707.3386570122093
790.3930107261986
454.8815227653831
171.9433361198753
0.0056491997092962265
0.0056491997092962265
0.0056491997092962265
0.0056491997092962265
0.0056491997092962265
0.0056491997092962265
0.0056491997092962265
0.0056491997092962265
0.0056491997092962265
0.0056491997092962265
0.0056491997092962265
0.0056491997092962265
0.0056491997092962265
0.0056491997092962265
0.0056491997092962265
0.0056491997092962265
0.0056491997092962265
0.0056491997092962265
0.0056491997092962265
0.0056491997092962265
0.0056491997092962265
0.0056491997092962265
0.0056491997092962265
374.37882195971906
795.2357059624046
738.6270748283714
391.71057473681867
140.71047269366682
0.0056491997092962265
0.0056491997092962265
0.0056491997092962265
0.0056491997092962265
0.0056491997092962265
0.0056491997092962265
0.0056491997092962265
0.0056491997092962265
0.0056491997092962265
0.0056491997092962265
0.0056491997092962265
0.0056491997092962265
0.0056491997092962265
0.0056491997092962265
0.0056491997092962265
0.0056491997092962265
0.0056491997092962265
0.0056491997092962265
0.0056491997092962265
0.0056491997092962265
0.0056491997092962265
0.0056491997092962265
49.42688333056867
519.4795948173851
859.0913668777794
728.0074726250023
352.8998314049095
81.52804433368146
0.0056491997092962265
0.0056491997092962265
0.0056491997092962265
0.0056491997092962265
0.0056491997092962265
0.0056491997092962265
0.0056491997092962265
0.0056491997092962265
0.0056491997092962265
0.0056491997092962265
0.0056491997092962265
0.0056491997092962265
0.0056491997092962265
0.0056491997092962265
0.0056491997092962265
0.0056491997092962265
0.0056491997092962265
0.0056491997092962265
0.0056491997092962265
0.0056491997092962265
0.0056491997092962265
0.0056491997092962265
168.75524102710187
664.7089038994163
893.3069530632347
638.3344675209373
296.2491179611534
60.816970935091376
0.0056491997092962265
0.0056491997092962265
0.0056491997092962265
0.0056491997092962265
0.0056491997092962265
0.0056491997092962265
0.0056491997092962265
0.0056491997092962265
0.0056491997092962265
0.0056491997092962265
0.0056491997092962265
0.0056491997092962265
0.0056491997092962265
0.0056491997092962265
0.0056491997092962265
0.0056491997092962265
0.0056491997092962265
0.0056491997092962265
0.0056491997092962265
0.0056491997092962265
0.0056491997092962265
8.107491126284003
335.14652787707746
776.1133767273277
863.225805869326
501.8118148948997
217.16759978793561
13.907033076509833
0.0056491997092962265
0.0056491997092962265
0.0056491997092962265
0.0056491997092962265
0.0056491997092962265
0.0056491997092962265
0.0056491997092962265
0.0056491997092962265
0.0056491997092962265
0.0056491997092962265
0.0056491997092962265
0.0056491997092962265
0.0056491997092962265
0.0056491997092962265
0.0056491997092962265
0.0056491997092962265
0.0056491997092962265
0.0056491997092962265
0.0056491997092962265
0.0056491997092962265
0.0056491997092962265
12.993229975923896
425.3374582435936
751.8200074341148
687.376196494326
337.4568470623344
127.12113820575178
0.5367416050285101
0.0056491997092962265
0.0056491997092962265
0.0056491997092962265
0.0056491997092962265
0.0056491997092962265
0.0056491997092962265
0.0056491997092962265
0.0056491997092962265
0.0056491997092962265
0.0056491997092962265
0.0056491997092962265
0.0056491997092962265
0.0056491997092962265
0.0056491997092962265
0.0056491997092962265
0.0056491997092962265
0.0056491997092962265
0.0056491997092962265
0.0056491997092962265
0.0056491997092962265
0.0056491997092962265
9.032947173342109
278.2306432630867
393.2746282722801
355.499128928408
189.6297660972923
28.817547431215644
0.0056491997092962265
0.0056491997092962265
0.0056491997092962265
0.0056491997092962265
0.0056491997092962265
0.0056491997092962265
0.0056491997092962265
0.0056491997092962265
0.0056491997092962265
0.0056491997092962265
0.0056491997092962265
0.0056491997092962265
0.0056491997092962265
0.0056491997092962265
0.0056491997092962265
0.0056491997092962265
0.0056491997092962265
0.0056491997092962265
0.0056491997092962265
0.0056491997092962265
0.0056491997092962265
0.0056491997092962265
2.285133233293891
90.67177801392972
96.91185366176069
53.64623557589948
31.960202207788825
1.7759572174400091
0.0056491997092962265
0.0056491997092962265
0.0056491997092962265
0.0056491997092962265
0.0056491997092962265
0.0056491997092962265
0.0056491997092962265
0.0056491997092962265
0.0056491997092962265
0.0056491997092962265
0.0056491997092962265
0.0056491997092962265
0.0056491997092962265
0.0056491997092962265
0.0056491997092962265
0.0056491997092962265
0.0056491997092962265
0.0056491997092962265
0.0056491997092962265
0.0056491997092962265
0.0056491997092962265
0.0056491997092962265
0.0056491997092962265
0.0056491997092962265
0.0056491997092962265
0.0056491997092962265
0.0056491997092962265
0.0056491997092962265
0.0056491997092962265
0.0056491997092962265
0.0056491997092962265
0.0056491997092962265
0.0056491997092962265
0.0056491997092962265
0.0056491997092962265
0.0056491997092962265
0.0056491997092962265
0.0056491997092962265
0.0056491997092962265
0.0056491997092962265
0.0056491997092962265
0.0056491997092962265
0.0056491997092962265
0.0056491997092962265
0.0056491997092962265
0.0056491997092962265
0.0056491997092962265
0.0056491997092962265
0.0056491997092962265
0.0056491997092962265
0.0056491997092962265
0.0056491997092962265
0.0056491997092962265
0.0056491997092962265
0.0056491997092962265
0.0056491997092962265
0.0056491997092962265
0.0056491997092962265
0.0056491997092962265
0.0056491997092962265
0.0056491997092962265
0.0056491997092962265
0.0056491997092962265
0.0056491997092962265
0.0056491997092962265
0.0056491997092962265
0.0056491997092962265
0.0056491997092962265
0.0056491997092962265
0.0056491997092962265
0.0056491997092962265
0.0056491997092962265
0.0056491997092962265
0.0056491997092962265
0.0056491997092962265
0.0056491997092962265
0.0056491997092962265
0.0056491997092962265
0.0056491997092962265
0.0056491997092962265
0.0056491997092962265
0.0056491997092962265
0.0056491997092962265
0.0056491997092962265
0.0056491997092962265
0.0056491997092962265
0.0056491997092962265
0.0056491997092962265
0.0056491997092962265
0.0056491997092962265
0.0056491997092962265
0.0056491997092962265
0.0056491997092962265
0.0056491997092962265
0.0056491997092962265
0.0056491997092962265
0.0056491997092962265
0.1856899857521057
0.1856899857521057
0.1856899857521057
0.1856899857521057
0.1856899857521057
0.1856899857521057
0.1856899857521057
0.1856899857521057
0.1856899857521057
0.1856899857521057
0.1856899857521057
0.1856899857521057
0.1856899857521057
0.1856899857521057
0.1856899857521057
0.1856899857521057
0.1856899857521057
0.1856899857521057
0.1856899857521057
0.1856899857521057
0.1856899857521057
0.1856899857521057
0.1856899857521057
0.1856899857521057
0.1856899857521057
0.1856899857521057
0.1856899857521057
0.1856899857521057
0.1856899857521057
0.1856899857521057
0.1856899857521057
0.1856899857521057
0.1856899857521057
0.1856899857521057
0.1856899857521057
0.1856899857521057
0.1856899857521057
0.1856899857521057
0.1856899857521057
0.1856899857521057
0.1856899857521057
0.1856899857521057
0.1856899857521057
0.1856899857521057
0.1856899857521057
0.1856899857521057
0.1856899857521057
0.1856899857521057
0.1856899857521057
0.1856899857521057
0.1856899857521057
0.1856899857521057
0.1856899857521057
0.1856899857521057
0.1856899857521057
0.1856899857521057
0.1856899857521057
0.1856899857521057
0.1856899857521057
0.1856899857521057
0.1856899857521057
0.1856899857521057
0.1856899857521057
0.1856899857521057
0.1856899857521057
0.1856899857521057
0.1856899857521057
0.1856899857521057
0.1856899857521057
0.1856899857521057
0.1856899857521057
0.1856899857521057
0.1856899857521057
0.1856899857521057
0.1856899857521057
0.1856899857521057
0.1856899857521057
0.1856899857521057
0.1856899857521057
0.1856899857521057
0.1856899857521057
0.1856899857521057
0.1856899857521057
0.1856899857521057
0.1856899857521057
0.1856899857521057
0.1856899857521057
0.1856899857521057
0.1856899857521057
0.1856899857521057
0.1856899857521057
0.1856899857521057
0.1856899857521057
0.1856899857521057
0.1856899857521057
0.1856899857521057
0.1856899857521057
0.1856899857521057
0.1856899857521057
21.674345076084137
164.82641035318375
218.55851942300797
169.563474714756
47.014337599277496
0.1856899857521057
0.1856899857521057
0.1856899857521057
0.1856899857521057
0.1856899857521057
0.1856899857521057
0.1856899857521057
0.1856899857521057
0.1856899857521057
0.1856899857521057
0.1856899857521057
0.1856899857521057
0.1856899857521057
0.1856899857521057
0.1856899857521057
0.1856899857521057
0.1856899857521057
0.1856899857521057
0.1856899857521057
0.1856899857521057
0.1856899857521057
0.1856899857521057
0.1856899857521057
44.49504619836807
174.85922628641129
349.3476410508156
390.0611134171486
116.1908169388771
0.1856899857521057
0.1856899857521057
0.1856899857521057
0.1856899857521057
0.1856899857521057
0.1856899857521057
0.1856899857521057
0.1856899857521057
0.1856899857521057
0.1856899857521057
0.1856899857521057
0.1856899857521057
0.1856899857521057
0.1856899857521057
0.1856899857521057
0.1856899857521057
0.1856899857521057
0.1856899857521057
0.1856899857521057
0.1856899857521057
0.1856899857521057
0.1856899857521057
0.1856899857521057
58.89528089761734
153.32638174295425
224.50572019815445
432.09065824747086
131.64323621988297
0.1856899857521057
0.1856899857521057
0.1856899857521057
0.1856899857521057
0.1856899857521057
0.1856899857521057
0.1856899857521057
0.1856899857521057
0.1856899857521057
0.1856899857521057
0.1856899857521057
0.1856899857521057
0.1856899857521057
0.1856899857521057
0.1856899857521057
0.1856899857521057
0.1856899857521057
0.1856899857521057
0.1856899857521057
0.1856899857521057
0.1856899857521057
0.1856899857521057
25.632780134677887
130.93047910928726
177.7288857102394
299.742128431797
362.07636457681656
53.3654003739357
0.1856899857521057
0.1856899857521057
0.1856899857521057
0.1856899857521057
0.1856899857521057
0.1856899857521057
0.1856899857521057
0.1856899857521057
0.1856899857521057
0.1856899857521057
0.1856899857521057
0.1856899857521057
0.1856899857521057
0.1856899857521057
0.1856899857521057
0.1856899857521057
0.1856899857521057
0.1856899857521057
0.1856899857521057
0.1856899857521057
0.1856899857521057
0.1856899857521057
41.89808803796768
155.82542616128922
219.6886768937111
347.6120396256447
294.7082100510597
0.1856899857521057
0.1856899857521057
0.1856899857521057
0.1856899857521057
0.1856899857521057
0.1856899857521057
0.1856899857521057
0.1856899857521057
0.1856899857521057
0.1856899857521057
0.1856899857521057
0.1856899857521057
0.1856899857521057
0.1856899857521057
0.1856899857521057
0.1856899857521057
0.1856899857521057
0.1856899857521057
0.1856899857521057
0.1856899857521057
0.1856899857521057
0.1856899857521057
0.1856899857521057
95.98279482126236
176.4938240647316
253.69106775522232
394.7691965699196
148.87866073846817
0.1856899857521057
0.1856899857521057
0.1856899857521057
0.1856899857521057
0.1856899857521057
0.1856899857521057
0.1856899857521057
0.1856899857521057
0.1856899857521057
0.1856899857521057
0.1856899857521057
0.1856899857521057
0.1856899857521057
0.1856899857521057
0.1856899857521057
0.1856899857521057
0.1856899857521057
0.1856899857521057
0.1856899857521057
0.1856899857521057
0.1856899857521057
0.1856899857521057
18.281398832798004
121.28859144449234
248.13783460855484
381.0108750462532
393.56787210702896
49.19500261545181
0.1856899857521057
0.1856899857521057
0.1856899857521057
0.1856899857521057
0.1856899857521057
0.1856899857521057
0.1856899857521057
0.1856899857521057
0.1856899857521057
0.1856899857521057
0.1856899857521057
0.1856899857521057
0.1856899857521057
0.1856899857521057
0.1856899857521057
0.1856899857521057
0.1856899857521057
0.1856899857521057
0.1856899857521057
0.1856899857521057
0.1856899857521057
0.1856899857521057
49.790816843509674
143.53420931100845
251.96910101175308
508.4596615433693
382.6747108101845
7.319553434848785
0.1856899857521057
0.1856899857521057
0.1856899857521057
0.1856899857521057
0.1856899857521057
0.1856899857521057
0.1856899857521057
0.1856899857521057
0.1856899857521057
0.1856899857521057
0.1856899857521057
0.1856899857521057
0.1856899857521057
0.1856899857521057
0.1856899857521057
0.1856899857521057
0.1856899857521057
0.1856899857521057
0.1856899857521057
0.1856899857521057
0.1856899857521057
0.1856899857521057
61.71043783426285
169.9730721116066
247.6320191025734
473.3662891983986
317.85757261514664
0.1856899857521057
0.1856899857521057
0.1856899857521057
0.1856899857521057
0.1856899857521057
0.1856899857521057
0.1856899857521057
0.1856899857521057
0.1856899857521057
0.1856899857521057
0.1856899857521057
0.1856899857521057
0.1856899857521057
0.1856899857521057
0.1856899857521057
0.1856899857521057
0.1856899857521057
0.1856899857521057
0.1856899857521057
0.1856899857521057
0.1856899857521057
0.1856899857521057
32.41867262125015
131.60655027627945
205.96046835184097
316.14371544122696
373.57020860910416
187.14870935678482
0.1856899857521057
0.1856899857521057
0.1856899857521057
0.1856899857521057
0.1856899857521057
0.1856899857521057
0.1856899857521057
0.1856899857521057
0.1856899857521057
0.1856899857521057
0.1856899857521057
0.1856899857521057
0.1856899857521057
0.1856899857521057
0.1856899857521057
0.1856899857521057
0.1856899857521057
0.1856899857521057
0.1856899857521057
0.1856899857521057
0.1856899857521057
0.1856899857521057
62.97403436899185
183.84571653604507
288.91662603616714
405.5815891623497
349.3843272328377
56.051267206668854
0.1856899857521057
0.1856899857521057
0.1856899857521057
0.1856899857521057
0.1856899857521057
0.1856899857521057
0.1856899857521057
0.1856899857521057
0.1856899857521057
0.1856899857521057
0.1856899857521057
0.1856899857521057
0.1856899857521057
0.1856899857521057
0.1856899857521057
0.1856899857521057
0.1856899857521057
0.1856899857521057
0.1856899857521057
0.1856899857521057
0.1856899857521057
0.1856899857521057
71.27328020334244
189.0548649430275
316.32286459207535
456.69274336099625
285.8609519600868
5.373954355716705
0.1856899857521057
0.1856899857521057
0.1856899857521057
0.1856899857521057
0.1856899857521057
0.1856899857521057
0.1856899857521057
0.1856899857521057
0.1856899857521057
0.1856899857521057
0.1856899857521057
0.1856899857521057
0.1856899857521057
0.1856899857521057
0.1856899857521057
0.1856899857521057
0.1856899857521057
0.1856899857521057
0.1856899857521057
0.1856899857521057
0.1856899857521057
13.757471144199371
101.63446909189224
192.40445238351822
360.8060341477394
392.1656590104103
167.22001844644547
0.1856899857521057
0.1856899857521057
0.1856899857521057
0.1856899857521057
0.1856899857521057
0.1856899857521057
0.1856899857521057
0.1856899857521057
0.1856899857521057
0.1856899857521057
0.1856899857521057
0.1856899857521057
0.1856899857521057
0.1856899857521057
0.1856899857521057
0.1856899857521057
0.1856899857521057
0.1856899857521057
0.1856899857521057
0.1856899857521057
0.1856899857521057
0.1856899857521057
64.95721918344498
161.91098123788834
238.45331007242203
422.9940395951271
348.5159321427345
52.71686750650406
0.1856899857521057
0.1856899857521057
0.1856899857521057
0.1856899857521057
0.1856899857521057
0.1856899857521057
0.1856899857521057
0.1856899857521057
0.1856899857521057
0.1856899857521057
0.1856899857521057
0.1856899857521057
0.1856899857521057
0.1856899857521057
0.1856899857521057
0.1856899857521057
0.1856899857521057
0.1856899857521057
0.1856899857521057
0.1856899857521057
0.1856899857521057
0.1856899857521057
66.07059675455093
195.15233999490738
319.2141075730324
479.70342832803726
318.45598036050797
0.1856899857521057
0.1856899857521057
0.1856899857521057
0.1856899857521057
0.1856899857521057
0.1856899857521057
0.1856899857521057
0.1856899857521057
0.1856899857521057
0.1856899857521057
0.1856899857521057
0.1856899857521057
0.1856899857521057
0.1856899857521057
0.1856899857521057
0.1856899857521057
0.1856899857521057
0.1856899857521057
0.1856899857521057
0.1856899857521057
0.1856899857521057
0.1856899857521057
0.1856899857521057
89.35624319314957
195.46387296915054
394.2667084336281
474.90954023599625
236.88883405923843
0.1856899857521057
0.1856899857521057
0.1856899857521057
0.1856899857521057
0.1856899857521057
0.1856899857521057
0.1856899857521057
0.1856899857521057
0.1856899857521057
0.1856899857521057
0.1856899857521057
0.1856899857521057
0.1856899857521057
0.1856899857521057
0.1856899857521057
0.1856899857521057
0.1856899857521057
0.1856899857521057
0.1856899857521057
0.1856899857521057
0.1856899857521057
0.1856899857521057
34.68063551187515
120.92376905679703
251.47612768411636
493.9723454117775
450.64798361063004
169.542722761631
0.1856899857521057
0.1856899857521057
0.1856899857521057
0.1856899857521057
0.1856899857521057
0.1856899857521057
0.1856899857521057
0.1856899857521057
0.1856899857521057
0.1856899857521057
0.1856899857521057
0.1856899857521057
0.1856899857521057
0.1856899857521057
0.1856899857521057
0.1856899857521057
0.1856899857521057
0.1856899857521057
0.1856899857521057
0.1856899857521057
0.1856899857521057
0.1856899857521057
72.07281309366226
177.726524412632
273.27794843912125
512.409979403019
436.0885962843895
93.18811386823654
0.1856899857521057
0.1856899857521057
0.1856899857521057
0.1856899857521057
0.1856899857521057
0.1856899857521057
0.1856899857521057
0.1856899857521057
0.1856899857521057
0.1856899857521057
0.1856899857521057
0.1856899857521057
0.1856899857521057
0.1856899857521057
0.1856899857521057
0.1856899857521057
0.1856899857521057
0.1856899857521057
0.1856899857521057
0.1856899857521057
0.1856899857521057
5.8405991196632385
98.81800085306168
220.74951273202896
351.53630834817886
467.92189878225327
334.2570371031761
45.2120698094368
0.1856899857521057
0.1856899857521057
0.1856899857521057
0.1856899857521057
0.1856899857521057
0.1856899857521057
0.1856899857521057
0.1856899857521057
0.1856899857521057
0.1856899857521057
0.1856899857521057
0.1856899857521057
0.1856899857521057
0.1856899857521057
0.1856899857521057
0.1856899857521057
0.1856899857521057
0.1856899857521057
0.1856899857521057
0.1856899857521057
0.1856899857521057
1.7267361283302307
67.77192693948746
161.1275139451027
362.5461521744728
375.66870123147964
225.4692466855049
2.131289064884186
0.1856899857521057
0.1856899857521057
0.1856899857521057
0.1856899857521057
0.1856899857521057
0.1856899857521057
0.1856899857521057
0.1856899857521057
0.1856899857521057
0.1856899857521057
0.1856899857521057
0.1856899857521057
0.1856899857521057
0.1856899857521057
0.1856899857521057
0.1856899857521057
0.1856899857521057
0.1856899857521057
0.1856899857521057
0.1856899857521057
0.1856899857521057
0.0
0.0
0.0
204.05796533823013
233.96683603525162
86.06885010004044
0.1856899857521057
0.1856899857521057
0.1856899857521057
0.1856899857521057
0.1856899857521057
0.1856899857521057
0.1856899857521057
0.1856899857521057
0.1856899857521057
0.1856899857521057
0.1856899857521057
0.1856899857521057
0.1856899857521057
0.1856899857521057
0.1856899857521057
0.1856899857521057
0.1856899857521057
0.1856899857521057
0.1856899857521057
0.1856899857521057
0.1856899857521057
0.1856899857521057
0.0
0.0
0.0
31.217161238193512
108.8909507393837
6.671020567417145
0.1856899857521057
0.1856899857521057
0.1856899857521057
0.1856899857521057
0.1856899857521057
0.1856899857521057
0.1856899857521057
0.1856899857521057
0.1856899857521057
0.1856899857521057
0.1856899857521057
0.1856899857521057
0.1856899857521057
0.1856899857521057
0.1856899857521057
0.1856899857521057
0.1856899857521057
0.1856899857521057
0.1856899857521057
0.1856899857521057
0.1856899857521057
0.1856899857521057
0.1856899857521057
0.1856899857521057
0.1856899857521057
0.1856899857521057
0.1856899857521057
0.1856899857521057
0.1856899857521057
0.1856899857521057
0.1856899857521057
0.1856899857521057
0.1856899857521057
0.1856899857521057
0.1856899857521057
0.1856899857521057
0.1856899857521057
0.1856899857521057
0.1856899857521057
0.1856899857521057
0.1856899857521057
0.1856899857521057
0.1856899857521057
0.1856899857521057
0.1856899857521057
0.1856899857521057
0.1856899857521057
0.1856899857521057
0.1856899857521057
0.1856899857521057
0.1856899857521057
0.1856899857521057
0.1856899857521057
0.1856899857521057
0.1856899857521057
0.1856899857521057
0.1856899857521057
0.1856899857521057
0.1856899857521057
0.1856899857521057
0.1856899857521057
0.1856899857521057
0.1856899857521057
0.1856899857521057
0.1856899857521057
0.1856899857521057
0.1856899857521057
0.1856899857521057
0.1856899857521057
0.1856899857521057
0.1856899857521057
0.1856899857521057
0.1856899857521057
0.1856899857521057
0.1856899857521057
0.1856899857521057
0.1856899857521057
0.1856899857521057
0.1856899857521057
0.1856899857521057
0.1856899857521057
0.1856899857521057
0.1856899857521057
0.1856899857521057
0.1856899857521057
0.1856899857521057
0.1856899857521057
0.1856899857521057
0.1856899857521057
0.1856899857521057
0.1856899857521057
0.1856899857521057
0.1856899857521057
0.1856899857521057
0.1856899857521057
0.1856899857521057
0.1856899857521057
0.389690637588501
0.389690637588501
0.389690637588501
0.389690637588501
0.389690637588501
0.389690637588501
0.389690637588501
0.389690637588501
0.389690637588501
0.389690637588501
0.389690637588501
0.389690637588501
0.389690637588501
0.389690637588501
0.389690637588501
0.389690637588501
0.389690637588501
0.389690637588501
0.389690637588501
0.389690637588501
0.389690637588501
0.389690637588501
0.389690637588501
0.389690637588501
0.389690637588501
0.389690637588501
0.389690637588501
0.389690637588501
0.389690637588501
0.389690637588501
0.389690637588501
0.389690637588501
0.389690637588501
0.389690637588501
0.389690637588501
0.389690637588501
0.389690637588501
0.389690637588501
0.389690637588501
0.389690637588501
0.389690637588501
0.389690637588501
0.389690637588501
0.389690637588501
0.389690637588501
0.389690637588501
0.389690637588501
0.389690637588501
0.389690637588501
0.389690637588501
0.389690637588501
0.389690637588501
0.389690637588501
0.389690637588501
0.389690637588501
0.389690637588501
0.389690637588501
0.389690637588501
0.389690637588501
0.389690637588501
0.389690637588501
0.389690637588501
0.389690637588501
0.389690637588501
0.389690637588501
0.389690637588501
0.389690637588501
0.389690637588501
0.389690637588501
0.389690637588501
0.389690637588501
0.389690637588501
0.389690637588501
0.389690637588501
0.389690637588501
0.389690637588501
0.389690637588501
0.389690637588501
0.389690637588501
0.389690637588501
0.389690637588501
0.389690637588501
0.389690637588501
0.389690637588501
0.389690637588501
0.389690637588501
0.389690637588501
0.389690637588501
0.389690637588501
0.389690637588501
0.389690637588501
0.389690637588501
0.389690637588501
0.389690637588501
0.389690637588501
0.389690637588501
0.389690637588501
0.389690637588501
0.389690637588501
0.0
0.0
0.0
202.5245668888092
94.52636361122131
0.389690637588501
0.389690637588501
0.389690637588501
0.389690637588501
0.389690637588501
0.389690637588501
0.389690637588501
0.389690637588501
0.389690637588501
0.389690637588501
0.389690637588501
0.389690637588501
0.389690637588501
0.389690637588501
0.389690637588501
0.389690637588501
0.389690637588501
0.389690637588501
0.389690637588501
0.389690637588501
0.389690637588501
0.389690637588501
0.389690637588501
0.0
0.0
0.0
213.24241662025452
85.35392117500305
0.389690637588501
0.389690637588501
0.389690637588501
0.389690637588501
0.389690637588501
0.389690637588501
0.389690637588501
0.389690637588501
0.389690637588501
0.389690637588501
0.389690637588501
0.389690637588501
0.389690637588501
0.389690637588501
0.389690637588501
0.389690637588501
0.389690637588501
0.389690637588501
0.389690637588501
0.389690637588501
0.389690637588501
0.389690637588501
0.389690637588501
0.0
165.05367493629456
384.3236176967621
338.005646944046
17.303941011428833
0.389690637588501
0.389690637588501
0.389690637588501
0.389690637588501
0.389690637588501
0.389690637588501
0.389690637588501
0.389690637588501
0.389690637588501
0.389690637588501
0.389690637588501
0.389690637588501
0.389690637588501
0.389690637588501
0.389690637588501
0.389690637588501
0.389690637588501
0.389690637588501
0.389690637588501
0.389690637588501
0.389690637588501
0.389690637588501
0.0
0.0
260.5888273715973
449.5237033367157
251.5484344959259
5.10840916633606
0.389690637588501
0.389690637588501
0.389690637588501
0.389690637588501
0.389690637588501
0.389690637588501
0.389690637588501
0.389690637588501
0.389690637588501
0.389690637588501
0.389690637588501
0.389690637588501
0.389690637588501
0.389690637588501
0.389690637588501
0.389690637588501
0.389690637588501
0.389690637588501
0.389690637588501
0.389690637588501
0.389690637588501
0.389690637588501
0.0
48.818318605422974
316.88292622566223
438.0011556148529
88.13410973548889
0.389690637588501
0.389690637588501
0.389690637588501
0.389690637588501
0.389690637588501
0.389690637588501
0.389690637588501
0.389690637588501
0.389690637588501
0.389690637588501
0.389690637588501
0.389690637588501
0.389690637588501
0.389690637588501
0.389690637588501
0.389690637588501
0.389690637588501
0.389690637588501
0.389690637588501
0.389690637588501
0.389690637588501
0.389690637588501
0.389690637588501
0.0
163.91929841041565
452.9192156791687
362.6435024738312
26.69754719734192
0.389690637588501
0.389690637588501
0.389690637588501
0.389690637588501
0.389690637588501
0.389690637588501
0.389690637588501
0.389690637588501
0.389690637588501
0.389690637588501
0.389690637588501
0.389690637588501
0.389690637588501
0.389690637588501
0.389690637588501
0.389690637588501
0.389690637588501
0.389690637588501
0.389690637588501
0.389690637588501
0.389690637588501
0.389690637588501
0.0
12.30823826789856
191.13438248634338
452.3834373950958
286.2548270225525
5.442607164382935
0.389690637588501
0.389690637588501
0.389690637588501
0.389690637588501
0.389690637588501
0.389690637588501
0.389690637588501
0.389690637588501
0.389690637588501
0.389690637588501
0.389690637588501
0.389690637588501
0.389690637588501
0.389690637588501
0.389690637588501
0.389690637588501
0.389690637588501
0.389690637588501
0.389690637588501
0.389690637588501
0.389690637588501
0.389690637588501
0.0
104.15729594230652
331.48563027381897
398.86290097236633
219.83699536323547
1.0226894617080688
0.389690637588501
0.389690637588501
0.389690637588501
0.389690637588501
0.389690637588501
0.389690637588501
0.389690637588501
0.389690637588501
0.389690637588501
0.389690637588501
0.389690637588501
0.389690637588501
0.389690637588501
0.389690637588501
0.389690637588501
0.389690637588501
0.389690637588501
0.389690637588501
0.389690637588501
0.389690637588501
0.389690637588501
0.389690637588501
0.0
151.21023201942444
473.6842305660248
410.58057713508606
104.6264374256134
0.389690637588501
0.389690637588501
0.389690637588501
0.389690637588501
0.389690637588501
0.389690637588501
0.389690637588501
0.389690637588501
0.389690637588501
0.389690637588501
0.389690637588501
0.389690637588501
0.389690637588501
0.389690637588501
0.389690637588501
0.389690637588501
0.389690637588501
0.389690637588501
0.389690637588501
0.389690637588501
0.389690637588501
0.389690637588501
0.0
0.24753403663635254
257.58132004737854
546.147433757782
386.5808048248291
28.51306414604187
0.389690637588501
0.389690637588501
0.389690637588501
0.389690637588501
0.389690637588501
0.389690637588501
0.389690637588501
0.389690637588501
0.389690637588501
0.389690637588501
0.389690637588501
0.389690637588501
0.389690637588501
0.389690637588501
0.389690637588501
0.389690637588501
0.389690637588501
0.389690637588501
0.389690637588501
0.389690637588501
0.389690637588501
0.389690637588501
0.0
40.205994844436646
339.897438287735
482.4381537437439
253.502828001976
5.858907461166382
0.389690637588501
0.389690637588501
0.389690637588501
0.389690637588501
0.389690637588501
0.389690637588501
0.389690637588501
0.389690637588501
0.389690637588501
0.389690637588501
0.389690637588501
0.389690637588501
0.389690637588501
0.389690637588501
0.389690637588501
0.389690637588501
0.389690637588501
0.389690637588501
0.389690637588501
0.389690637588501
0.389690637588501
0.389690637588501
7.354202508926392
150.51961731910706
467.4769654273987
411.7330768108368
110.95318245887756
0.8500534296035767
0.389690637588501
0.389690637588501
0.389690637588501
0.389690637588501
0.389690637588501
0.389690637588501
0.389690637588501
0.389690637588501
0.389690637588501
0.389690637588501
0.389690637588501
0.389690637588501
0.389690637588501
0.389690637588501
0.389690637588501
0.389690637588501
0.389690637588501
0.389690637588501
0.389690637588501
0.389690637588501
0.389690637588501
0.0
42.06068277359009
245.40100121498108
530.016509771347
367.885213136673
20.396703004837036
0.389690637588501
0.389690637588501
0.389690637588501
0.389690637588501
0.389690637588501
0.389690637588501
0.389690637588501
0.389690637588501
0.389690637588501
0.389690637588501
0.389690637588501
0.389690637588501
0.389690637588501
0.389690637588501
0.389690637588501
0.389690637588501
0.389690637588501
0.389690637588501
0.389690637588501
0.389690637588501
0.389690637588501
0.389690637588501
0.0
70.02898478507996
369.120920419693
481.17370533943176
255.13723301887512
5.050863981246948
0.389690637588501
0.389690637588501
0.389690637588501
0.389690637588501
0.389690637588501
0.389690637588501
0.389690637588501
0.389690637588501
0.389690637588501
0.389690637588501
0.389690637588501
0.389690637588501
0.389690637588501
0.389690637588501
0.389690637588501
0.389690637588501
0.389690637588501
0.389690637588501
0.389690637588501
0.389690637588501
0.389690637588501
0.389690637588501
0.0
119.93116974830627
418.03544080257416
406.30162835121155
156.03343033790588
0.389690637588501
0.389690637588501
0.389690637588501
0.389690637588501
0.389690637588501
0.389690637588501
0.389690637588501
0.389690637588501
0.389690637588501
0.389690637588501
0.389690637588501
0.389690637588501
0.389690637588501
0.389690637588501
0.389690637588501
0.389690637588501
0.389690637588501
0.389690637588501
0.389690637588501
0.389690637588501
0.389690637588501
0.389690637588501
0.389690637588501
36.85174202919006
205.94971108436584
503.64979243278503
371.6569130420685
84.96808552742004
0.389690637588501
0.389690637588501
0.389690637588501
0.389690637588501
0.389690637588501
0.389690637588501
0.389690637588501
0.389690637588501
0.389690637588501
0.389690637588501
0.389690637588501
0.389690637588501
0.389690637588501
0.389690637588501
0.389690637588501
0.389690637588501
0.389690637588501
0.389690637588501
0.389690637588501
0.389690637588501
0.389690637588501
0.389690637588501
0.0
69.74729466438293
266.1557848453522
492.15086483955383
373.2172739505768
74.12667393684387
0.389690637588501
0.389690637588501
0.389690637588501
0.389690637588501
0.389690637588501
0.389690637588501
0.389690637588501
0.389690637588501
0.389690637588501
0.389690637588501
0.389690637588501
0.389690637588501
0.389690637588501
0.389690637588501
0.389690637588501
0.389690637588501
0.389690637588501
0.389690637588501
0.389690637588501
0.389690637588501
0.389690637588501
0.389690637588501
0.0
108.53968739509583
433.1156475543976
484.48245644569397
270.57127717137337
15.343958377838135
0.389690637588501
0.389690637588501
0.389690637588501
0.389690637588501
0.389690637588501
0.389690637588501
0.389690637588501
0.389690637588501
0.389690637588501
0.389690637588501
0.389690637588501
0.389690637588501
0.389690637588501
0.389690637588501
0.389690637588501
0.389690637588501
0.389690637588501
0.389690637588501
0.389690637588501
0.389690637588501
0.389690637588501
0.0
0.0
162.10672879219055
553.7984306812286
486.89336466789246
206.46672946214676
4.5770180225372314
0.389690637588501
0.389690637588501
0.389690637588501
0.389690637588501
0.389690637588501
0.389690637588501
0.389690637588501
0.389690637588501
0.389690637588501
0.389690637588501
0.389690637588501
0.389690637588501
0.389690637588501
0.389690637588501
0.389690637588501
0.389690637588501
0.389690637588501
0.389690637588501
0.389690637588501
0.389690637588501
0.389690637588501
1.8982219696044922
90.08225059509277
260.08915638923645
553.5257337093353
362.7058951854706
39.30048227310181
0.5623266845941544
0.389690637588501
0.389690637588501
0.389690637588501
0.389690637588501
0.389690637588501
0.389690637588501
0.389690637588501
0.389690637588501
0.389690637588501
0.389690637588501
0.389690637588501
0.389690637588501
0.389690637588501
0.389690637588501
0.389690637588501
0.389690637588501
0.389690637588501
0.389690637588501
0.389690637588501
0.389690637588501
0.389690637588501
9.871572494506836
248.58849942684174
415.8791754245758
327.8548409938812
147.47590970993042
8.65045952796936
0.389690637588501
0.389690637588501
0.389690637588501
0.389690637588501
0.389690637588501
0.389690637588501
0.389690637588501
0.389690637588501
0.389690637588501
0.389690637588501
0.389690637588501
0.389690637588501
0.389690637588501
0.389690637588501
0.389690637588501
0.389690637588501
0.389690637588501
0.389690637588501
0.389690637588501
0.389690637588501
0.389690637588501
0.389690637588501
4.129881143569946
153.12531208992004
315.44566690921783
182.03164410591125
19.765831232070923
0.965144157409668
0.389690637588501
0.389690637588501
0.389690637588501
0.389690637588501
0.389690637588501
0.389690637588501
0.389690637588501
0.389690637588501
0.389690637588501
0.389690637588501
0.389690637588501
0.389690637588501
0.389690637588501
0.389690637588501
0.389690637588501
0.389690637588501
0.389690637588501
0.389690637588501
0.389690637588501
0.389690637588501
0.389690637588501
0.389690637588501
0.389690637588501
0.389690637588501
0.389690637588501
0.389690637588501
0.389690637588501
0.389690637588501
0.389690637588501
0.389690637588501
0.389690637588501
0.389690637588501
0.389690637588501
0.389690637588501
0.389690637588501
0.389690637588501
0.389690637588501
0.389690637588501
0.389690637588501
0.389690637588501
0.389690637588501
0.389690637588501
0.389690637588501
0.389690637588501
0.389690637588501
0.389690637588501
0.389690637588501
0.389690637588501
0.389690637588501
0.389690637588501
0.389690637588501
0.389690637588501
0.389690637588501
0.389690637588501
0.389690637588501
0.389690637588501
0.389690637588501
0.389690637588501
0.389690637588501
0.389690637588501
0.389690637588501
0.389690637588501
0.389690637588501
0.389690637588501
0.389690637588501
0.389690637588501
0.389690637588501
0.389690637588501
0.389690637588501
0.389690637588501
0.389690637588501
0.389690637588501
0.389690637588501
0.389690637588501
0.389690637588501
0.389690637588501
0.389690637588501
0.389690637588501
0.389690637588501
0.389690637588501
0.389690637588501
0.389690637588501
0.389690637588501
0.389690637588501
0.389690637588501
0.389690637588501
0.389690637588501
0.389690637588501
0.389690637588501
0.389690637588501
0.389690637588501
0.389690637588501
0.389690637588501
0.389690637588501
0.389690637588501
0.389690637588501
0.389690637588501
